assay.run.id	plate.order	well	response	bkgrnd.sub	norm	norm.pos	p.enhance	type
15	3	384	0	0	0	0	-120.48832	blank
15	2	384	0	0	0	0	-122.216385	blank
15	1	384	0	0	0	0	-112.767	blank
15	3	360	0.2823618	0.2823618	0.54909116	0.49755383	-60.538895	unknown
15	2	360	0.34182727	0.34182727	0.60345465	0.5875845	-50.403934	unknown
15	1	360	0.038405497	0.038405497	0.071544535	0.066893965	-105.22357	unknown
15	3	336	0.0950764	0.0950764	0.18488906	0.1675355	-100.30225	unknown
15	2	336	0.28296545	0.28296545	0.49954122	0.48640388	-62.769863	unknown
15	1	336	0.24851266	0.24851266	0.46294734	0.43285462	-63.955284	unknown
15	3	312	0.07744549	0.07744549	0.15060335	0.13646783	-104.04554	unknown
15	2	312	0.116354585	0.116354585	0.20540991	0.20000789	-97.77215	unknown
15	1	312	0.15321197	0.15321197	0.28541434	0.26686168	-82.67381	unknown
15	3	288	0.055444956	0.055444956	0.1078203	0.097700365	-108.71657	unknown
15	2	288	0.11385608	0.11385608	0.20099911	0.19571307	-98.29704	unknown
15	1	288	0.10731384	0.10731384	0.19991198	0.18691722	-91.68891	unknown
15	3	264	0.17818931	0.17818931	0.34651348	0.31398997	-82.6562	unknown
15	2	264	0.11113549	0.11113549	0.19619624	0.19103651	-98.86859	unknown
15	1	264	0.2948705	0.2948705	0.5493061	0.5135998	-54.849888	unknown
15	3	240	0.22738704	0.22738704	0.44218522	0.400682	-72.21082	unknown
15	2	240	0.13339472	0.13339472	0.23549221	0.22929904	-94.19228	unknown
15	1	240	0.070351094	0.070351094	0.1310551	0.1225362	-98.94896	unknown
15	3	216	0.05487945	0.05487945	0.1067206	0.09670387	-108.83663	unknown
15	2	216	0.087433435	0.087433435	0.15435314	0.15029383	-103.848015	unknown
15	1	216	0.08179372	0.08179372	0.15237126	0.14246674	-96.701454	unknown
15	3	192	0.37499702	0.37499702	0.729233	0.6607877	-40.87112	unknown
15	2	192	0.14819011	0.14819011	0.2616117	0.2547316	-91.08401	unknown
15	1	192	0.19884682	0.19884682	0.37042624	0.3463476	-73.71042	unknown
15	3	168	0.34172854	0.34172854	0.6645379	0.6021648	-47.934494	unknown
15	2	168	0.18989386	0.18989386	0.33523458	0.3264183	-82.322716	unknown
15	1	168	0.056995254	0.056995254	0.10617488	0.09927325	-101.57226	unknown
15	3	144	0.26253304	0.26253304	0.5105314	0.46261328	-64.748825	unknown
15	2	144	0.11738755	0.11738755	0.20723349	0.2017835	-97.55514	unknown
15	1	144	0.035372805	0.035372805	0.06589502	0.06161168	-105.81924	unknown
15	3	120	0.06651071	0.06651071	0.12933917	0.11719948	-106.36716	unknown
15	2	120	0.21024643	0.21024643	0.3711646	0.3614034	-78.04697	unknown
15	1	120	0.123347014	0.123347014	0.22977974	0.21484348	-88.53975	unknown
15	3	96	0.11245216	0.11245216	0.21867861	0.19815359	-96.61313	unknown
15	2	96	0.14038682	0.14038682	0.24783592	0.24131812	-92.72336	unknown
15	1	96	0.15039068	0.15039068	0.28015864	0.26194763	-83.22795	unknown
15	3	72	0.1626525	0.1626525	0.31630006	0.28661233	-85.95488	unknown
15	2	72	0.08408628	0.08408628	0.14844413	0.14454022	-104.5512	unknown
15	1	72	0.10817275	0.10817275	0.20151202	0.18841325	-91.5202	unknown
15	3	48	0.08728253	0.08728253	0.16973282	0.15380181	-101.957	unknown
15	2	48	0.19244415	0.19244415	0.33973682	0.33080214	-81.78694	unknown
15	1	48	0.12632345	0.12632345	0.23532444	0.22002777	-87.95513	unknown
15	3	24	0.052092038	0.052092038	0.1013001	0.09179214	-109.428444	unknown
15	2	24	0.18762071	0.18762071	0.33122164	0.3225109	-82.80027	unknown
15	1	24	0.098221526	0.098221526	0.18297416	0.17108038	-93.47478	unknown
15	3	383	0	0	0	0	-120.48832	blank
15	2	383	0	0	0	0	-122.216385	blank
15	1	383	0	0	0	0	-112.767	blank
15	3	359	0.16740555	0.16740555	0.325543	0.29498774	-84.94575	unknown
15	2	359	0.22322144	0.22322144	0.3940704	0.3837068	-75.32113	unknown
15	1	359	0.3379941	0.3379941	0.62963986	0.5887117	-46.37975	unknown
15	3	335	0.21645746	0.21645746	0.42093113	0.38142282	-74.53133	unknown
15	2	335	0.10173602	0.10173602	0.17960261	0.17487927	-100.84328	unknown
15	1	335	0.04898738	0.04898738	0.09125724	0.08532529	-103.14513	unknown
15	3	311	0.37563995	0.37563995	0.7304833	0.6619206	-40.73462	unknown
15	2	311	0.17451681	0.17451681	0.30808827	0.29998592	-85.55319	unknown
15	1	311	0.20986451	0.20986451	0.3909508	0.36553803	-71.54638	unknown
15	3	287	0.35412213	0.35412213	0.6886389	0.62400377	-45.303158	unknown
15	2	287	0.17138894	0.17138894	0.3025664	0.29460928	-86.210304	unknown
15	1	287	0.12220582	0.12220582	0.22765385	0.21285579	-88.76389	unknown
15	3	263	0.36968753	0.36968753	0.71890795	0.65143174	-41.9984	unknown
15	2	263	0.19089864	0.19089864	0.33700842	0.3281455	-82.11163	unknown
15	1	263	0.28518838	0.28518838	0.53126955	0.4967357	-56.751606	unknown
15	3	239	0.20324777	0.20324777	0.3952431	0.35814586	-77.33593	unknown
15	2	239	0.08842386	0.08842386	0.15610161	0.15199633	-103.639946	unknown
15	1	239	0.32129577	0.32129577	0.598533	0.5596269	-49.659557	unknown
15	3	215	0.22569798	0.22569798	0.4389006	0.39770567	-72.569435	unknown
15	2	215	0.12774701	0.12774701	0.22552188	0.21959092	-95.37878	unknown
15	1	215	0.2463514	0.2463514	0.4589212	0.4290902	-64.37978	unknown
15	3	191	0.057606615	0.057606615	0.11202394	0.10150945	-108.25762	unknown
15	2	191	0.027145846	0.027145846	0.0479227	0.04666239	-116.51348	unknown
15	1	191	0.09796077	0.09796077	0.18248841	0.17062621	-93.52599	unknown
15	3	167	0.25784463	0.25784463	0.5014142	0.45435175	-65.74424	unknown
15	2	167	0.3696582	0.3696582	0.65258676	0.6354245	-44.5571	unknown
15	1	167	0.29335517	0.29335517	0.5464832	0.51096046	-55.147522	unknown
15	3	143	0.1708987	0.1708987	0.33233592	0.30114308	-84.204094	unknown
15	2	143	0.1501005	0.1501005	0.26498425	0.25801548	-90.68267	unknown
15	1	143	0.13768253	0.13768253	0.25648496	0.2398128	-85.72403	unknown
15	3	119	0.14789717	0.14789717	0.28760627	0.26061174	-89.08765	unknown
15	2	119	0.37436846	0.37436846	0.66090214	0.6435212	-43.56755	unknown
15	1	119	0.2786884	0.2786884	0.5191609	0.48541415	-58.0283	unknown
15	3	95	0.2598463	0.2598463	0.50530666	0.45787895	-65.31926	unknown
15	2	95	0.12571952	0.12571952	0.22194257	0.21610574	-95.804726	unknown
15	1	95	0.2982388	0.2982388	0.5555808	0.5194667	-54.1883	unknown
15	3	71	0.26325193	0.26325193	0.5119294	0.46388006	-64.59619	unknown
15	2	71	0.12900494	0.12900494	0.2277426	0.22175322	-95.11451	unknown
15	1	71	0.3528855	0.3528855	0.65738064	0.6146493	-43.454845	unknown
15	3	47	0.19106889	0.19106889	0.3715596	0.33668527	-79.92168	unknown
15	2	47	0.2615667	0.2615667	0.4617643	0.44962046	-67.265396	unknown
15	1	47	0.17667176	0.17667176	0.3291169	0.30772352	-78.06594	unknown
15	3	23	0.26566717	0.26566717	0.5166262	0.46813598	-64.083405	unknown
15	2	23	0.46497092	0.46497092	0.82084984	0.7992624	-24.53342	unknown
15	1	23	0.22760917	0.22760917	0.42400682	0.39644533	-68.06105	unknown
15	3	382	0.006	0.006	0.011667821	0.010572688	-119.21444	negative
15	2	382	0.026	0.026	0.04589985	0.04469274	-116.7542	negative
15	1	382	0.004	0.004	0.0074514896	0.0069671245	-111.98134	negative
15	3	358	0.030583614	0.030583614	0.05947402	0.05389183	-113.99499	unknown
15	2	358	0.04522309	0.04522309	0.079835884	0.077736296	-112.71574	unknown
15	1	358	0.104675665	0.104675665	0.1949974	0.18232208	-92.207085	unknown
15	3	334	0.2295997	0.2295997	0.44648802	0.40458098	-71.74104	unknown
15	2	334	0.38403946	0.38403946	0.6779751	0.66014516	-41.535828	unknown
15	1	334	0.22891738	0.22891738	0.42644385	0.39872393	-67.8041	unknown
15	3	310	0.018725622	0.018725622	0.036414534	0.03299669	-116.5126	unknown
15	2	310	0.15015393	0.15015393	0.26507857	0.25810733	-90.67144	unknown
15	1	310	0.23211956	0.23211956	0.4324091	0.40430143	-67.17514	unknown
15	3	286	0.19310603	0.19310603	0.3755211	0.34027493	-79.48917	unknown
15	2	286	0.11847442	0.11847442	0.20915222	0.20365177	-97.326805	unknown
15	1	286	0.116363585	0.116363585	0.2167705	0.20267989	-89.9114	unknown
15	3	262	0.45658478	0.45658478	0.8878916	0.8045547	-23.54888	unknown
15	2	262	0.21396042	0.21396042	0.3777212	0.36778757	-77.266716	unknown
15	1	262	0.2306874	0.2306874	0.42974114	0.40180692	-67.45644	unknown
15	3	238	0.2977805	0.2977805	0.5790749	0.52472335	-57.265285	unknown
15	2	238	0.14818338	0.14818338	0.2615998	0.25472003	-91.08543	unknown
15	1	238	0.17864121	0.17864121	0.33278576	0.31115386	-77.679115	unknown
15	3	214	0.2517203	0.2517203	0.48950458	0.44356	-67.04452	unknown
15	2	214	0.22122015	0.22122015	0.39053738	0.3802667	-75.74156	unknown
15	1	214	0.2965222	0.2965222	0.552383	0.51647675	-54.52547	unknown
15	3	190	0.09754156	0.09754156	0.18968292	0.17187941	-99.77886	unknown
15	2	190	0.25741792	0.25741792	0.45444015	0.4424889	-68.13699	unknown
15	1	190	0.07118224	0.07118224	0.13260342	0.12398388	-98.78571	unknown
15	3	166	0.16810226	0.16810226	0.32689786	0.29621544	-84.79782	unknown
15	2	166	0.048977446	0.048977446	0.08646375	0.084189855	-111.92701	unknown
15	1	166	0.09385314	0.09385314	0.17483641	0.16347161	-94.3328	unknown
15	3	142	0.31348753	0.31348753	0.6096194	0.55240095	-53.93046	unknown
15	2	142	0.3695615	0.3695615	0.65241605	0.63525826	-44.577415	unknown
15	1	142	0.04556907	0.04556907	0.08488936	0.07937134	-103.816536	unknown
15	3	118	0.25507316	0.25507316	0.49602467	0.44946814	-66.332664	unknown
15	2	118	0.06773525	0.06773525	0.11957837	0.1164336	-107.98629	unknown
15	1	118	0.20148264	0.20148264	0.37533644	0.35093862	-73.1927	unknown
15	3	94	0.032698188	0.032698188	0.0635861	0.05761795	-113.546036	unknown
15	2	94	0.15238334	0.15238334	0.26901433	0.26193956	-90.20308	unknown
15	1	94	0.084118634	0.084118634	0.15670228	0.14651623	-96.244804	unknown
15	3	70	0.03295641	0.03295641	0.06408825	0.05807297	-113.49121	unknown
15	2	70	0.17234981	0.17234981	0.3042627	0.29626095	-86.008446	unknown
15	1	70	0.054986313	0.054986313	0.10243248	0.095774114	-101.96684	unknown
15	3	46	0.29785737	0.29785737	0.5792244	0.52485883	-57.248966	unknown
15	2	46	0.20622675	0.20622675	0.36406833	0.35449377	-78.89144	unknown
15	1	46	0.20573781	0.20573781	0.38326326	0.35835022	-72.356926	unknown
15	3	22	0.1011722	0.1011722	0.19674319	0.178277	-99.008026	unknown
15	2	22	0.26867288	0.26867288	0.4743094	0.46183565	-65.77251	unknown
15	1	22	0.07032944	0.07032944	0.13101476	0.12249849	-98.95322	unknown
15	3	381	0.177	0.177	0.34420073	0.31189427	-82.90871	negative
15	2	381	0.11	0.11	0.19419166	0.18908466	-99.10714	negative
15	1	381	0.159	0.159	0.29619667	0.27694318	-81.53695	negative
15	3	357	0.08610027	0.08610027	0.16743375	0.15171854	-102.20801	unknown
15	2	357	0.077471785	0.077471785	0.13676704	0.13317023	-105.9408	unknown
15	1	357	0.058795925	0.058795925	0.1095293	0.10240962	-101.218575	unknown
15	3	333	0.14645562	0.14645562	0.28480297	0.25807157	-89.393715	unknown
15	2	333	0.18694581	0.18694581	0.33003017	0.32135078	-82.942055	unknown
15	1	333	0.10863376	0.10863376	0.20237082	0.18921621	-91.42966	unknown
15	3	309	0.013883964	0.013883964	0.026999269	0.024465134	-117.54056	unknown
15	2	309	0.39474308	0.39474308	0.6968711	0.6785442	-39.287167	unknown
15	1	309	0.06647468	0.06647468	0.12383384	0.11578434	-99.71035	unknown
15	3	285	0.18484242	0.18484242	0.35945138	0.32571352	-81.243645	unknown
15	2	285	0.065405965	0.065405965	0.115466304	0.11242968	-108.47564	unknown
15	1	285	0.2950777	0.2950777	0.5496921	0.5139608	-54.80919	unknown
15	3	261	0.22925872	0.22925872	0.44582495	0.4039801	-71.81344	unknown
15	2	261	0.23765291	0.23765291	0.4195474	0.4085138	-72.28931	unknown
15	1	261	0.021122197	0.021122197	0.039347954	0.03679024	-108.61828	unknown
15	3	237	0.19090086	0.19090086	0.37123284	0.33638918	-79.95735	unknown
15	2	237	0.15233451	0.15233451	0.2689281	0.26185563	-90.21334	unknown
15	1	237	0.15265104	0.15265104	0.2843694	0.2658847	-82.78398	unknown
15	3	213	0.24619076	0.24619076	0.4787516	0.4338163	-68.21852	unknown
15	2	213	0.12773556	0.12773556	0.22550164	0.21957122	-95.38119	unknown
15	1	213	0.05720762	0.05720762	0.10657049	0.09964315	-101.53054	unknown
15	3	189	0.22864121	0.22864121	0.44462413	0.402892	-71.94454	unknown
15	2	189	0.19898364	0.19898364	0.3512815	0.34204322	-80.4131	unknown
15	1	189	0.079161696	0.079161696	0.14746813	0.13788234	-97.21842	unknown
15	3	165	0.19238164	0.19238164	0.3741124	0.33899847	-79.64297	unknown
15	2	165	0.14317505	0.14317505	0.2527582	0.24611096	-92.137596	unknown
15	1	165	0.19452159	0.19452159	0.36236888	0.33881402	-74.55996	unknown
15	3	141	0.18201226	0.18201226	0.35394773	0.32072645	-81.84453	unknown
15	2	141	0.058674105	0.058674105	0.103582025	0.100857936	-109.88989	unknown
15	1	141	0.2600603	0.2600603	0.48445913	0.45296812	-61.687145	unknown
15	3	117	0.10326738	0.10326738	0.20081754	0.18196894	-98.56319	unknown
15	2	117	0.17085715	0.17085715	0.30162758	0.29369515	-86.32203	unknown
15	1	117	0.16340874	0.16340874	0.30440962	0.28462225	-80.671005	unknown
15	3	93	0.22341563	0.22341563	0.43446225	0.3936839	-73.05401	unknown
15	2	93	0.07482157	0.07482157	0.13208841	0.12861465	-106.49757	unknown
15	1	93	0.23190719	0.23190719	0.43201348	0.40393153	-67.21685	unknown
15	3	69	0.47172713	0.47172713	0.91733795	0.83123726	-20.333942	unknown
15	2	69	0.1491129	0.1491129	0.26324075	0.25631782	-90.890144	unknown
15	1	69	0.10240459	0.10240459	0.19076666	0.17836636	-92.65316	unknown
15	3	45	0.1760703	0.1760703	0.3423928	0.31025603	-83.106094	unknown
15	2	45	0.0730528	0.0730528	0.12896587	0.12557422	-106.869156	unknown
15	1	45	0.019091299	0.019091299	0.03556465	0.03325286	-109.01717	unknown
15	3	21	0.088610694	0.088610694	0.17231561	0.15614219	-101.67501	unknown
15	2	21	0.24225824	0.24225824	0.42767757	0.41643015	-71.3218	unknown
15	1	21	0.02545534	0.02545534	0.047420047	0.04433763	-107.76718	unknown
15	3	380	0.536	0.536	1.0423254	0.9444934	-6.687896	positive
15	2	380	0.645	0.645	1.1386694	1.1087236	13.287811	positive
15	1	380	0.506	0.506	0.94261336	0.88134116	-13.380802	positive
15	3	356	0.09107945	0.09107945	0.17711645	0.16049242	-101.150856	unknown
15	2	356	0.18664175	0.18664175	0.3294934	0.3208281	-83.005936	unknown
15	1	356	0.035793863	0.035793863	0.066679396	0.06234507	-105.736534	unknown
15	3	332	0.038071387	0.038071387	0.07403502	0.067086145	-112.40523	unknown
15	2	332	0.3023322	0.3023322	0.53373086	0.5196944	-58.70122	unknown
15	1	332	0.15482429	0.15482429	0.28841788	0.26967	-82.357124	unknown
15	3	308	0.22452825	0.22452825	0.4366259	0.3956445	-72.81778	unknown
15	2	308	0.3717643	0.3717643	0.65630484	0.63904476	-44.114643	unknown
15	1	308	0.27446923	0.27446923	0.5113011	0.47806528	-58.857014	unknown
15	3	284	0.055434924	0.055434924	0.1078008	0.097682685	-108.7187	unknown
15	2	284	0.09947374	0.09947374	0.17560883	0.17099053	-101.31854	unknown
15	1	284	0.2336342	0.2336342	0.43523067	0.40693963	-66.87764	unknown
15	3	260	0.0848177	0.0848177	0.16493963	0.1494585	-102.480316	unknown
15	2	260	0.24204956	0.24204956	0.4273092	0.41607144	-71.36564	unknown
15	1	260	0.035780527	0.035780527	0.06665455	0.06232184	-105.73916	unknown
15	3	236	0.06238126	0.06238126	0.12130889	0.10992292	-107.2439	unknown
15	2	236	0.120965965	0.120965965	0.21355076	0.20793462	-96.80337	unknown
15	1	236	0.1632761	0.1632761	0.30416253	0.28439122	-80.69706	unknown
15	3	212	0.070331044	0.070331044	0.13676834	0.123931356	-105.55604	unknown
15	2	212	0.09223572	0.09223572	0.162831	0.15854873	-102.839134	unknown
15	1	212	0.19389178	0.19389178	0.36119562	0.33771703	-74.68367	unknown
15	3	188	0.17596646	0.17596646	0.34219086	0.31007305	-83.12814	unknown
15	2	188	0.08920605	0.08920605	0.15748248	0.15334086	-103.475624	unknown
15	1	188	0.1255503	0.1255503	0.23388417	0.21868113	-88.10699	unknown
15	3	164	0.20480855	0.20480855	0.39827824	0.3608961	-77.004555	unknown
15	2	164	0.26729193	0.26729193	0.47187153	0.45946187	-66.06262	unknown
15	1	164	0.07939849	0.07939849	0.14790925	0.13829479	-97.17191	unknown
15	3	140	0.29361695	0.29361695	0.57097834	0.5173867	-58.14927	unknown
15	2	140	0.30044454	0.30044454	0.5303984	0.5164496	-59.097786	unknown
15	1	140	0.11051403	0.11051403	0.20587352	0.19249123	-91.06034	unknown
15	3	116	0.25154114	0.25154114	0.48915616	0.4432443	-67.08256	unknown
15	2	116	0.049756605	0.049756605	0.08783926	0.085529186	-111.76332	unknown
15	1	116	0.10527431	0.10527431	0.1961126	0.1833648	-92.0895	unknown
15	3	92	0.15221217	0.15221217	0.29599738	0.26821527	-88.17152	unknown
15	2	92	0.123609416	0.123609416	0.21821745	0.21247858	-96.248024	unknown
15	1	92	0.3083953	0.3083953	0.57450104	0.53715706	-52.19341	unknown
15	3	68	0.23623852	0.23623852	0.45939812	0.41627935	-70.33152	unknown
15	2	68	0.116367266	0.116367266	0.20543231	0.20002969	-97.769485	unknown
15	1	68	0.13405345	0.13405345	0.24972446	0.23349176	-86.43684	unknown
15	3	44	0.12151014	0.12151014	0.23629309	0.21411479	-94.689995	unknown
15	2	44	0.3684255	0.3684255	0.65041053	0.63330555	-44.816074	unknown
15	1	44	0.35176697	0.35176697	0.6552969	0.61270106	-43.674545	unknown
15	3	20	0.18047434	0.18047434	0.35095704	0.31801647	-82.17105	unknown
15	2	20	0.25344995	0.25344995	0.44743517	0.43566814	-68.9706	unknown
15	1	20	0.13821256	0.13821256	0.25747237	0.24073601	-85.61993	unknown
15	3	379	0.57	0.57	1.108443	1.0044053	0.5307835	positive
15	2	379	0.544	0.544	0.96036613	0.9351096	-7.9306655	positive
15	1	379	0.613	0.613	1.1419407	1.0677117	7.6356463	positive
15	3	355	0.06963388	0.06963388	0.1354126	0.12270287	-105.70406	unknown
15	2	355	0.03826646	0.03826646	0.0675548	0.06577819	-114.177216	unknown
15	1	355	0.2233541	0.2233541	0.41608018	0.38903394	-68.89681	unknown
15	3	331	0.25378773	0.25378773	0.49352497	0.44720304	-66.605576	unknown
15	2	331	0.16916597	0.16916597	0.298642	0.29078808	-86.677315	unknown
15	1	331	0.28483367	0.28483367	0.5306088	0.49611786	-56.821278	unknown
15	3	307	0.4823921	0.4823921	0.93807745	0.8500301	-18.069618	unknown
15	2	307	0.22756575	0.22756575	0.40173975	0.39117447	-74.408455	unknown
15	1	307	0.15712532	0.15712532	0.2927044	0.27367792	-81.90517	unknown
15	3	283	0.17982534	0.17982534	0.34969497	0.31687284	-82.308846	unknown
15	2	283	0.2717241	0.2717241	0.47969598	0.46708053	-65.13149	unknown
15	1	283	0.045102634	0.045102634	0.08402044	0.07855891	-103.90815	unknown
15	3	259	0.13893132	0.13893132	0.27017096	0.24481289	-90.99123	unknown
15	2	259	0.06252466	0.06252466	0.11037971	0.10747686	-109.080956	unknown
15	1	259	0.40531775	0.40531775	0.7550552	0.70597476	-33.156345	unknown
15	3	235	0.41148382	0.41148382	0.8001866	0.7250816	-33.124454	unknown
15	2	235	0.03601342	0.03601342	0.06357733	0.06190532	-114.65054	unknown
15	1	235	0.2465284	0.2465284	0.45925093	0.42939848	-64.345024	unknown
15	3	211	0.057268735	0.057268735	0.11136689	0.10091407	-108.32935	unknown
15	2	211	0.35119477	0.35119477	0.61999184	0.60368675	-48.435974	unknown
15	1	211	0.2095976	0.2095976	0.39045358	0.3650731	-71.5988	unknown
15	3	187	0.11767681	0.11767681	0.22883865	0.20736001	-95.50386	unknown
15	2	187	0.17241116	0.17241116	0.304371	0.29636642	-85.99555	unknown
15	1	187	0.13271028	0.13271028	0.2472223	0.23115224	-86.70066	unknown
15	3	163	0.3201677	0.3201677	0.62260985	0.56417215	-52.51217	unknown
15	2	163	0.42895317	0.42895317	0.75726485	0.7373497	-32.100174	unknown
15	1	163	0.10387845	0.10387845	0.19351229	0.18093352	-92.36367	unknown
15	3	139	0.46070075	0.46070075	0.89589566	0.8118075	-22.675001	unknown
15	2	139	0.32731554	0.32731554	0.5778359	0.56263953	-53.452618	unknown
15	1	139	0.15000616	0.15000616	0.2794423	0.26127788	-83.30348	unknown
15	3	115	0.2336598	0.2336598	0.45438346	0.41173533	-70.87902	unknown
15	2	115	0.30516693	0.30516693	0.5387352	0.5245671	-58.105686	unknown
15	1	115	0.10540995	0.10540995	0.19636528	0.18360105	-92.06286	unknown
15	3	91	0.13574122	0.13574122	0.26396737	0.23919158	-91.66853	unknown
15	2	91	0.33518374	0.33518374	0.5917263	0.5761646	-51.799633	unknown
15	1	91	0.11134546	0.11134546	0.20742238	0.19393942	-90.89703	unknown
15	3	67	0.10381339	0.10381339	0.20187934	0.18293108	-98.447266	unknown
15	2	67	0.5643929	0.5643929	0.99636734	0.97016406	-3.646444	unknown
15	1	67	0.22653656	0.22653656	0.42200866	0.39457706	-68.27173	unknown
15	3	43	0.11001442	0.11001442	0.21393809	0.193858	-97.1307	unknown
15	2	43	0.23244654	0.23244654	0.4103562	0.3995643	-73.38308	unknown
15	1	43	0.13991037	0.13991037	0.26063514	0.24369322	-85.286446	unknown
15	3	19	0.07867058	0.07867058	0.1529857	0.13862658	-103.78544	unknown
15	2	19	0.4046303	0.4046303	0.7143258	0.69553983	-37.21002	unknown
15	1	19	0.1457796	0.1457796	0.27156878	0.2539161	-84.133644	unknown
15	3	378	0.631	0.631	1.2270658	1.1118942	13.481949	positive
15	2	378	0.615	0.615	1.085708	1.0571551	6.9852967	positive
15	1	378	0.555	0.555	1.0338942	0.96668845	-3.7564418	positive
15	3	354	0.07184832	0.07184832	0.13971889	0.12660496	-105.2339	unknown
15	2	354	0.23236763	0.23236763	0.4102169	0.3994287	-73.39966	unknown
15	1	354	0.27791372	0.27791372	0.5177178	0.48406485	-58.18046	unknown
15	3	330	0.08522412	0.08522412	0.16572997	0.15017466	-102.39403	unknown
15	2	330	0.19550468	0.19550468	0.34513983	0.33606306	-81.143974	unknown
15	1	330	0.15861905	0.15861905	0.29548702	0.27627963	-81.61178	unknown
15	3	306	0.27977142	0.27977142	0.5440538	0.49298927	-61.08887	unknown
15	2	306	0.06358895	0.06358895	0.11225858	0.10930631	-108.85736	unknown
15	1	306	0.11798173	0.11798173	0.2197849	0.20549834	-89.59357	unknown
15	3	282	0.037667967	0.037667967	0.07325052	0.06637527	-112.490875	unknown
15	2	282	0.303035	0.303035	0.53497154	0.52090245	-58.553574	unknown
15	1	282	0.29155496	0.29155496	0.5431296	0.5078249	-55.501114	unknown
15	3	258	0.18265536	0.18265536	0.35519835	0.32185966	-81.70799	unknown
15	2	258	0.2123372	0.2123372	0.37485558	0.36499733	-77.607735	unknown
15	1	258	0.23462091	0.23462091	0.4370688	0.40865824	-66.68384	unknown
15	3	234	0.20492437	0.20492437	0.39850348	0.36110023	-76.979965	unknown
15	2	234	0.039454494	0.039454494	0.069652125	0.067820355	-113.92763	unknown
15	1	234	0.1971498	0.1971498	0.3672649	0.34339178	-74.04374	unknown
15	3	210	0.16094418	0.16094418	0.31297797	0.2836021	-86.31758	unknown
15	2	210	0.22781819	0.22781819	0.4021854	0.39160842	-74.35542	unknown
15	1	210	0.02114851	0.02114851	0.039396975	0.036836073	-108.613106	unknown
15	3	186	0.23851122	0.23851122	0.4638177	0.4202841	-69.849	unknown
15	2	186	0.11742201	0.11742201	0.20729433	0.20184273	-97.5479	unknown
15	1	186	0.21787274	0.21787274	0.4058691	0.3794866	-69.973434	unknown
15	3	162	0.036488462	0.036488462	0.070956804	0.06429685	-112.7413	unknown
15	2	162	0.50628203	0.50628203	0.8937796	0.87027425	-15.854615	unknown
15	1	162	0.17616864	0.17616864	0.32817966	0.30684718	-78.164764	unknown
15	3	138	0.16715102	0.16715102	0.32504803	0.29453924	-84.99979	unknown
15	2	138	0.06615754	0.06615754	0.116793126	0.1137216	-108.31774	unknown
15	1	138	0.13107975	0.13107975	0.24418484	0.22831221	-87.02092	unknown
15	3	114	0.19070956	0.19070956	0.37086084	0.3360521	-79.99797	unknown
15	2	114	0.17908771	0.17908771	0.31615767	0.3078431	-84.59292	unknown
15	1	114	0.239036	0.239036	0.44529352	0.41634834	-65.81665	unknown
15	3	90	0.25610244	0.25610244	0.49802625	0.45128185	-66.11413	unknown
15	2	90	0.07282835	0.07282835	0.12856963	0.1251884	-106.91631	unknown
15	1	90	0.11004276	0.11004276	0.2049956	0.19167039	-91.15291	unknown
15	3	66	0.36816308	0.36816308	0.71594346	0.64874554	-42.322063	unknown
15	2	66	0.13129094	0.13129094	0.23177825	0.22568275	-94.634254	unknown
15	1	66	0.32517815	0.32517815	0.60576534	0.56638914	-48.897	unknown
15	3	42	0.16100293	0.16100293	0.31309223	0.28370562	-86.30511	unknown
15	2	42	0.17533672	0.17533672	0.30953574	0.3013953	-85.38094	unknown
15	1	42	0.14717427	0.14717427	0.27416688	0.25634533	-83.8597	unknown
15	3	18	0.16020125	0.16020125	0.31153324	0.28229296	-86.47532	unknown
15	2	18	0.07555028	0.07555028	0.13337487	0.12986727	-106.34448	unknown
15	1	18	0.03025297	0.03025297	0.05635742	0.05269405	-106.82485	unknown
15	3	377	0.64	0.64	1.2445675	1.1277533	15.392777	positive
15	2	377	0.542	0.542	0.9568353	0.9316717	-8.350841	positive
15	1	377	0.561	0.561	1.0450714	0.9771391	-2.5779529	positive
15	3	353	0.22049649	0.22049649	0.4287856	0.38854006	-73.67378	unknown
15	2	353	0.17259827	0.17259827	0.30470133	0.29668805	-85.956245	unknown
15	1	353	0.07734252	0.07734252	0.14407924	0.13471372	-97.57574	unknown
15	3	329	0.1484487	0.1484487	0.28867882	0.26158363	-88.97055	unknown
15	2	329	0.18081242	0.18081242	0.31920242	0.31080776	-84.23058	unknown
15	1	329	0.2850927	0.2850927	0.53109133	0.49656907	-56.770397	unknown
15	3	305	0.14312881	0.14312881	0.27833354	0.25220937	-90.10004	unknown
15	2	305	0.0867074	0.0867074	0.1530714	0.14904581	-104.00055	unknown
15	1	305	0.53680545	0.53680545	1	0.93499756	-7.3301334	unknown
15	3	281	0.119349	0.119349	0.23209046	0.21030661	-95.148834	unknown
15	2	281	0.03573883	0.03573883	0.063092574	0.06143331	-114.70823	unknown
15	1	281	0.07966535	0.07966535	0.14840637	0.13875958	-97.1195	unknown
15	3	257	0.081659235	0.081659235	0.15879755	0.14389293	-103.15091	unknown
15	2	257	0.20819637	0.20819637	0.36754546	0.35787946	-78.47765	unknown
15	1	257	0.04840105	0.04840105	0.090164974	0.08430403	-103.26029	unknown
15	3	233	0.047799487	0.047799487	0.09295264	0.08422817	-110.33981	unknown
15	2	233	0.10859527	0.10859527	0.19171178	0.18666999	-99.40225	unknown
15	1	233	0.13704899	0.13704899	0.25530475	0.23870933	-85.848465	unknown
15	3	209	0.09342251	0.09342251	0.18167286	0.16462116	-100.6534	unknown
15	2	209	0.13398233	0.13398233	0.23652957	0.23030911	-94.06884	unknown
15	1	209	0.14737241	0.14737241	0.27453598	0.25669047	-83.820786	unknown
15	3	185	0.22749834	0.22749834	0.44240165	0.40087813	-72.18719	unknown
15	2	185	0.20636334	0.20636334	0.36430946	0.35472855	-78.86275	unknown
15	1	185	0.12607007	0.12607007	0.23485243	0.21958645	-88.0049	unknown
15	3	161	0.13200772	0.13200772	0.25670707	0.23261271	-92.461205	unknown
15	2	161	0.13471821	0.13471821	0.23782867	0.23157406	-93.91424	unknown
15	1	161	0.16621807	0.16621807	0.30964303	0.28951547	-80.11921	unknown
15	3	137	0.14341791	0.14341791	0.27889574	0.25271878	-90.03866	unknown
15	2	137	0.35983273	0.35983273	0.6352411	0.618535	-46.621273	unknown
15	1	137	0.23319957	0.23319957	0.434421	0.4061826	-66.96301	unknown
15	3	113	0.2623673	0.2623673	0.51020914	0.46232125	-64.78401	unknown
15	2	113	0.4705685	0.4705685	0.8307317	0.80888444	-23.357456	unknown
15	1	113	0.118949175	0.118949175	0.22158712	0.2071834	-89.40355	unknown
15	3	89	0.05760772	0.05760772	0.112026095	0.101511404	-108.257385	unknown
15	2	89	0.14368232	0.14368232	0.2536537	0.24698293	-92.03103	unknown
15	1	89	0.5041889	0.5041889	0.9392395	0.87818664	-13.736527	unknown
15	3	65	0.19948435	0.19948435	0.3879246	0.35151428	-78.13496	unknown
15	2	65	0.08881658	0.08881658	0.15679492	0.1526714	-103.55744	unknown
15	1	65	0.14177978	0.14177978	0.26411763	0.24694933	-84.919266	unknown
15	3	41	0.15275668	0.15275668	0.29705626	0.26917475	-88.05591	unknown
15	2	41	0.11075994	0.11075994	0.19553326	0.19039096	-98.947495	unknown
15	1	41	0.19952217	0.19952217	0.3716843	0.34752393	-73.577774	unknown
15	3	17	0.07618281	0.07618281	0.1481479	0.13424285	-104.31363	unknown
15	2	17	0.31145665	0.31145665	0.54983896	0.5353789	-56.784317	unknown
15	1	17	0.041806974	0.041806974	0.07788105	0.07281859	-104.555466	unknown
15	3	376	0.22230226	0.22230226	0.43229714	0.39172205	-73.29039	unknown
15	2	376	0.10286045	0.10286045	0.18158767	0.17681213	-100.60705	unknown
15	1	376	0.09438986	0.09438986	0.17583627	0.16440646	-94.22738	unknown
15	3	352	0.056697667	0.056697667	0.11025637	0.099907786	-108.4506	unknown
15	2	352	0.19104014	0.19104014	0.33725822	0.32838872	-82.0819	unknown
15	1	352	0.28043076	0.28043076	0.5224067	0.48844898	-57.686077	unknown
15	3	328	0.14842938	0.14842938	0.28864124	0.26154956	-88.974655	unknown
15	2	328	0.32211635	0.32211635	0.5686574	0.55370235	-54.544884	unknown
15	1	328	0.07316389	0.07316389	0.13629498	0.12743548	-98.396484	unknown
15	3	304	0.16682975	0.16682975	0.32442328	0.29397312	-85.06799	unknown
15	2	304	0.34309292	0.34309292	0.605689	0.58976007	-50.138042	unknown
15	1	304	0.38563183	0.38563183	0.71838284	0.6716862	-37.022964	unknown
15	3	280	0.16245423	0.16245423	0.31591448	0.28626296	-85.99698	unknown
15	2	280	0.0758608	0.0758608	0.13392305	0.13040103	-106.27924	unknown
15	1	280	0.36023617	0.36023617	0.671074	0.6274525	-42.011063	unknown
15	3	256	0.25170916	0.25170916	0.4894829	0.44354036	-67.04689	unknown
15	2	256	0.12710111	0.12710111	0.22438161	0.21848063	-95.51447	unknown
15	1	256	0.25847775	0.25847775	0.48151103	0.4502116	-61.997986	unknown
15	3	232	0.20455503	0.20455503	0.39778525	0.3604494	-77.05838	unknown
15	2	232	0.1804007	0.1804007	0.31847557	0.31010005	-84.31708	unknown
15	1	232	0.21070573	0.21070573	0.39251786	0.36700323	-71.38115	unknown
15	3	208	0.116672516	0.116672516	0.22688568	0.20559034	-95.71709	unknown
15	2	208	0.15777238	0.15777238	0.278528	0.27120304	-89.07093	unknown
15	1	208	0.099959016	0.099959016	0.18621089	0.17410672	-93.13351	unknown
15	3	184	0.174693	0.174693	0.33971444	0.30782908	-83.39851	unknown
15	2	184	0.20113957	0.20113957	0.35508755	0.34574914	-79.960175	unknown
15	1	184	0.33886465	0.33886465	0.6312616	0.590228	-46.20876	unknown
15	3	160	0.16943315	0.16943315	0.32948592	0.29856062	-84.51526	unknown
15	2	160	0.27453294	0.27453294	0.48465464	0.4719088	-64.5414	unknown
15	1	160	0.3786672	0.3786672	0.70540863	0.6595553	-38.390923	unknown
15	3	136	0.07787499	0.07787499	0.15143856	0.13722464	-103.95435	unknown
15	2	136	0.02594258	0.02594258	0.045798484	0.04459404	-116.766266	unknown
15	1	136	0.11135221	0.11135221	0.20743495	0.19395117	-90.89571	unknown
15	3	112	0.03716099	0.03716099	0.07226463	0.065481916	-112.59852	unknown
15	2	112	0.11924979	0.11924979	0.21052106	0.2049846	-97.16391	unknown
15	1	112	0.032551534	0.032551534	0.06063935	0.056697644	-106.373375	unknown
15	3	88	0.09894302	0.09894302	0.19240823	0.17434894	-99.481316	unknown
15	2	88	0.15972812	0.15972812	0.28198066	0.2745649	-88.66006	unknown
15	1	88	0.09134027	0.09134027	0.17015527	0.15909475	-94.82636	unknown
15	3	64	0.18295896	0.18295896	0.35578874	0.32239464	-81.64353	unknown
15	2	64	0.26154393	0.26154393	0.46172413	0.44958133	-67.27018	unknown
15	1	64	0.19734173	0.19734173	0.36762244	0.34372607	-74.00604	unknown
15	3	40	0.35146552	0.35146552	0.6834728	0.6193225	-45.86719	unknown
15	2	40	0.27522415	0.27522415	0.4858749	0.47309694	-64.39619	unknown
15	1	40	0.07650475	0.07650475	0.14251858	0.13325453	-97.74029	unknown
15	3	16	0.11865351	0.11865351	0.23073798	0.20908108	-95.29649	unknown
15	2	16	0.2775292	0.2775292	0.4899442	0.47705925	-63.91193	unknown
15	1	16	0.22455463	0.22455463	0.4183166	0.391125	-68.66101	unknown
15	3	375	0.16150825	0.16150825	0.31407487	0.28459603	-86.19782	unknown
15	2	375	0.30766594	0.30766594	0.54314697	0.52886283	-57.580685	unknown
15	1	375	0.11671039	0.11671039	0.21741654	0.20328394	-89.843285	unknown
15	3	351	0.15576258	0.15576258	0.30290166	0.27447152	-87.41771	unknown
15	2	351	0.34002563	0.34002563	0.6002741	0.58448756	-50.78243	unknown
15	1	351	0.06471342	0.06471342	0.12055284	0.1127166	-100.05629	unknown
15	3	327	0.0653979	0.0653979	0.12717517	0.11523859	-106.60342	unknown
15	2	327	0.3761125	0.3761125	0.663981	0.6465191	-43.201157	unknown
15	1	327	0.37286797	0.37286797	0.6946054	0.64945436	-39.529984	unknown
15	3	303	0.16181411	0.16181411	0.31466967	0.285135	-86.13289	unknown
15	2	303	0.16916692	0.16916692	0.2986437	0.29078972	-86.67712	unknown
15	1	303	0.27377763	0.27377763	0.51001275	0.47686067	-58.99285	unknown
15	3	279	0.08835113	0.08835113	0.17181087	0.15568481	-101.73012	unknown
15	2	279	0.08198211	0.08198211	0.1447295	0.14092328	-104.993256	unknown
15	1	279	0.08940184	0.08940184	0.16654421	0.15571843	-95.2071	unknown
15	3	255	0.402163	0.402163	0.782061	0.70865726	-35.103397	unknown
15	2	255	0.039957467	0.039957467	0.07054007	0.06868494	-113.82196	unknown
15	1	255	0.44972837	0.44972837	0.8377865	0.78332835	-24.433414	unknown
15	3	231	0.43156987	0.43156987	0.8392467	0.7604755	-28.8599	unknown
15	2	231	0.15630925	0.15630925	0.27594504	0.268688	-89.37831	unknown
15	1	231	0.2022497	0.2022497	0.37676537	0.3522747	-73.04204	unknown
15	3	207	0.073719576	0.073719576	0.1433578	0.12990233	-104.83661	unknown
15	2	207	0.31460807	0.31460807	0.5554024	0.540796	-56.122253	unknown
15	1	207	0.108325474	0.108325474	0.20179652	0.18867925	-91.49021	unknown
15	3	183	0.08893339	0.08893339	0.17294315	0.15671082	-101.6065	unknown
15	2	183	0.27900225	0.27900225	0.49254468	0.4795913	-63.60247	unknown
15	1	183	0.025217943	0.025217943	0.046977807	0.043924134	-107.81381	unknown
15	3	159	0.113297075	0.113297075	0.22032166	0.19964242	-96.43374	unknown
15	2	159	0.27018923	0.27018923	0.47698635	0.46444216	-65.45394	unknown
15	1	159	0.09780893	0.09780893	0.18220554	0.17036173	-93.55582	unknown
15	3	135	0.2915441	0.2915441	0.5669474	0.5137341	-58.589363	unknown
15	2	135	0.1337883	0.1337883	0.23618704	0.2299756	-94.109604	unknown
15	1	135	0.3217324	0.3217324	0.5993464	0.5603874	-49.573795	unknown
15	3	111	0.09307891	0.09307891	0.18100467	0.1640157	-100.72635	unknown
15	2	111	0.2715956	0.2715956	0.47946912	0.46685964	-65.158485	unknown
15	1	111	0.0902497	0.0902497	0.16812366	0.15719521	-95.040565	unknown
15	3	87	0.0740995	0.0740995	0.14409663	0.13057181	-104.75594	unknown
15	2	87	0.12528913	0.12528913	0.22118278	0.21536593	-95.89514	unknown
15	1	87	0.37873578	0.37873578	0.70553637	0.65967476	-38.377453	unknown
15	3	63	0.24998325	0.24998325	0.48612663	0.44049913	-67.41332	unknown
15	2	63	0.21366583	0.21366583	0.37720114	0.3672812	-77.328606	unknown
15	1	63	0.18996155	0.18996155	0.35387412	0.33087143	-75.45563	unknown
15	3	39	0.16382314	0.16382314	0.3185765	0.28867513	-85.70634	unknown
15	2	39	0.17995109	0.17995109	0.31768185	0.3093272	-84.41154	unknown
15	1	39	0.34130242	0.34130242	0.6358028	0.5944741	-45.729942	unknown
15	3	15	0.09379501	0.09379501	0.18239723	0.16527754	-100.57431	unknown
15	2	15	0.2579099	0.2579099	0.45530868	0.44333458	-68.03364	unknown
15	1	15	0.027910458	0.027910458	0.05199362	0.048613906	-107.28496	unknown
15	3	374	0.15098667	0.15098667	0.29361424	0.2660558	-88.4317	unknown
15	2	374	0.11027731	0.11027731	0.19468123	0.18956134	-99.04888	unknown
15	1	374	0.14333034	0.14333034	0.2670061	0.24965006	-84.614716	unknown
15	3	350	0.040032536	0.040032536	0.07784874	0.07054191	-111.988846	unknown
15	2	350	0.057221845	0.057221845	0.101018235	0.098361574	-110.19499	unknown
15	1	350	0.39662755	0.39662755	0.73886645	0.69083834	-34.863235	unknown
15	3	326	0.11836938	0.11836938	0.23018545	0.2085804	-95.35682	unknown
15	2	326	0.058535594	0.058535594	0.1033375	0.100619845	-109.91899	unknown
15	1	326	0.12546688	0.12546688	0.23372878	0.21853583	-88.123375	unknown
15	3	302	0.28080982	0.28080982	0.54607314	0.49481907	-60.868404	unknown
15	2	302	0.43258563	0.43258563	0.76367754	0.7435937	-31.337053	unknown
15	1	302	0.45744497	0.45744497	0.8521615	0.79676896	-22.917757	unknown
15	3	278	0.13090666	0.13090666	0.2545659	0.23067252	-92.69498	unknown
15	2	278	0.107200414	0.107200414	0.18924934	0.1842723	-99.69529	unknown
15	1	278	0.40087906	0.40087906	0.7467865	0.6982435	-34.028175	unknown
15	3	254	0.10318594	0.10318594	0.20065917	0.18182544	-98.58048	unknown
15	2	254	0.1167487	0.1167487	0.20610568	0.20068534	-97.68935	unknown
15	1	254	0.20845643	0.20845643	0.3883277	0.36308545	-71.822945	unknown
15	3	230	0.51423484	0.51423484	1	0.9061407	-11.308951	unknown
15	2	230	0.0102674635	0.0102674635	0.018125962	0.01764927	-120.05936	unknown
15	1	230	0.073121145	0.073121145	0.13621536	0.12736101	-98.404884	unknown
15	3	206	0.20162006	0.20162006	0.39207777	0.35527763	-77.68152	unknown
15	2	206	0.19677514	0.19677514	0.34738266	0.3382469	-80.877075	unknown
15	1	206	0.36846122	0.36846122	0.6863962	0.64177877	-40.395535	unknown
15	3	182	0.068329535	0.068329535	0.13287613	0.12040447	-105.98099	unknown
15	2	182	0.057566255	0.057566255	0.10162625	0.0989536	-110.122635	unknown
15	1	182	0.13443106	0.13443106	0.2504279	0.23414947	-86.36267	unknown
15	3	158	0.14169413	0.14169413	0.27554363	0.24968128	-90.40464	unknown
15	2	158	0.15753324	0.15753324	0.27810585	0.270792	-89.12117	unknown
15	1	158	0.12368991	0.12368991	0.2304185	0.21544074	-88.4724	unknown
15	3	134	0.18624529	0.18624529	0.36217946	0.32818553	-80.9458	unknown
15	2	134	0.1378035	0.1378035	0.24327537	0.23687752	-93.266075	unknown
15	1	134	0.17481664	0.17481664	0.32566106	0.3044923	-78.43032	unknown
15	3	110	0.40198177	0.40198177	0.78170854	0.7083379	-35.141876	unknown
15	2	110	0.2405571	0.2405571	0.42467442	0.41350597	-71.67918	unknown
15	1	110	0.25912002	0.25912002	0.4827075	0.45133033	-61.871834	unknown
15	3	86	0.07784521	0.07784521	0.15138066	0.13717218	-103.96068	unknown
15	2	86	0.07105092	0.07105092	0.12543179	0.12213308	-107.28973	unknown
15	1	86	0.15261726	0.15261726	0.28430647	0.26582584	-82.79062	unknown
15	3	62	0.18850632	0.18850632	0.3665763	0.3321697	-80.46575	unknown
15	2	62	0.17280106	0.17280106	0.30505934	0.29703665	-85.91364	unknown
15	1	62	0.054216057	0.054216057	0.10099759	0.094432496	-102.11813	unknown
15	3	38	0.10629489	0.10629489	0.20670496	0.18730378	-97.9204	unknown
15	2	38	0.11020926	0.11020926	0.1945611	0.18944436	-99.06318	unknown
15	1	38	0.21110728	0.21110728	0.3932659	0.36770266	-71.30228	unknown
15	3	14	0.09699917	0.09699917	0.18862815	0.17092365	-99.89402	unknown
15	2	14	0.1762799	0.1762799	0.3112008	0.3030166	-85.18279	unknown
15	1	14	0.155125	0.155125	0.28897807	0.2701938	-82.29806	unknown
15	3	373	0.2527438	0.2527438	0.49149492	0.44536355	-66.82722	unknown
15	2	373	0.15663186	0.15663186	0.27651456	0.26924255	-89.31053	unknown
15	1	373	0.10581422	0.10581422	0.19711837	0.18430519	-91.98346	unknown
15	3	349	0.08810147	0.08810147	0.17132536	0.15524487	-101.78313	unknown
15	2	349	0.40635115	0.40635115	0.7173637	0.6984979	-36.8485	unknown
15	1	349	0.44485226	0.44485226	0.8287029	0.7748352	-25.391157	unknown
15	3	325	0.041392338	0.041392338	0.08049306	0.07293804	-111.70014	unknown
15	2	325	0.12486747	0.12486747	0.22043839	0.21464111	-95.98373	unknown
15	1	325	0.37468305	0.37468305	0.69798666	0.65261585	-39.173473	unknown
15	3	301	0.35839373	0.35839373	0.6969456	0.6315308	-44.396236	unknown
15	2	301	0.17118506	0.17118506	0.3022065	0.2942588	-86.253136	unknown
15	1	301	0.064192146	0.064192146	0.119581774	0.11180866	-100.158676	unknown
15	3	277	0.20473823	0.20473823	0.3981415	0.36077222	-77.019485	unknown
15	2	277	0.12191664	0.12191664	0.21522905	0.20956878	-96.603645	unknown
15	1	277	0.32344624	0.32344624	0.60253906	0.5633725	-49.23717	unknown
15	3	253	0.106128	0.106128	0.20638041	0.18700969	-97.95584	unknown
15	2	253	0.15998913	0.15998913	0.28244144	0.27501357	-88.605225	unknown
15	1	253	0.0873085	0.0873085	0.1626446	0.1520723	-95.61826	unknown
15	3	229	0.08418838	0.08418838	0.16371582	0.14834957	-102.61393	unknown
15	2	229	0.21815133	0.21815133	0.38511974	0.37499154	-76.38628	unknown
15	1	229	0.16862209	0.16862209	0.31412143	0.29370275	-79.647026	unknown
15	3	205	0.25738034	0.25738034	0.5005113	0.45353362	-65.84282	unknown
15	2	205	0.3270414	0.3270414	0.5773519	0.56216824	-53.510212	unknown
15	1	205	0.21629465	0.21629465	0.4029293	0.3767379	-70.2834	unknown
15	3	181	0.2340091	0.2340091	0.45506272	0.41235083	-70.80486	unknown
15	2	181	0.12818028	0.12818028	0.22628675	0.22033568	-95.28776	unknown
15	1	181	0.34194523	0.34194523	0.6370003	0.5955937	-45.603687	unknown
15	3	157	0.07174376	0.07174376	0.13951555	0.12642072	-105.2561	unknown
15	2	157	0.11655471	0.11655471	0.20576322	0.20035188	-97.7301	unknown
15	1	157	0.044657223	0.044657223	0.0831907	0.0777831	-103.995636	unknown
15	3	133	0.077576324	0.077576324	0.15085778	0.13669837	-104.01777	unknown
15	2	133	0.23723169	0.23723169	0.4188038	0.40778974	-72.3778	unknown
15	1	133	0.10568138	0.10568138	0.19687092	0.18407382	-92.00955	unknown
15	3	109	0.05173528	0.05173528	0.10060633	0.091163486	-109.50419	unknown
15	2	109	0.11072911	0.11072911	0.19547883	0.19033797	-98.953964	unknown
15	1	109	0.40023157	0.40023157	0.7455803	0.6971157	-34.15535	unknown
15	3	85	0.17222725	0.17222725	0.33491945	0.30348414	-83.92203	unknown
15	2	85	0.046279278	0.046279278	0.08170046	0.07955183	-112.49385	unknown
15	1	85	0.07433902	0.07433902	0.13848409	0.12948228	-98.16567	unknown
15	3	61	0.2805542	0.2805542	0.54557604	0.49436864	-60.922676	unknown
15	2	61	0.23917337	0.23917337	0.4222316	0.41112742	-71.96988	unknown
15	1	61	0.011930843	0.011930843	0.022225637	0.020780915	-110.4236	unknown
15	3	37	0.22521299	0.22521299	0.43795747	0.3968511	-72.6724	unknown
15	2	37	0.073919944	0.073919944	0.13049671	0.1270648	-106.68699	unknown
15	1	37	0.2115397	0.2115397	0.39407146	0.36845583	-71.21735	unknown
15	3	13	0.15664533	0.15664533	0.30461827	0.276027	-87.23029	unknown
15	2	13	0.124508195	0.124508195	0.21980414	0.21402355	-96.059204	unknown
15	1	13	0.27745798	0.27745798	0.51686877	0.48327103	-58.269974	unknown
15	3	372	0.23063082	0.23063082	0.44849318	0.4063979	-71.52212	unknown
15	2	372	0.015834343	0.015834343	0.027953614	0.027218467	-118.88985	unknown
15	1	372	0.23449042	0.23449042	0.43682572	0.40843096	-66.709465	unknown
15	3	348	0.09592579	0.09592579	0.18654083	0.16903223	-100.12191	unknown
15	2	348	0.06357788	0.06357788	0.11223905	0.10928729	-108.85969	unknown
15	1	348	0.10792252	0.10792252	0.20104587	0.18797739	-91.56936	unknown
15	3	324	0.23186256	0.23186256	0.45088845	0.40856838	-71.260605	unknown
15	2	324	0.27144596	0.27144596	0.47920495	0.4666024	-65.189926	unknown
15	1	324	0.05554769	0.05554769	0.103478245	0.096751906	-101.85658	unknown
15	3	300	0.19549648	0.19549648	0.38016966	0.3444872	-78.981636	unknown
15	2	300	0.11572336	0.11572336	0.20429556	0.19892283	-97.904755	unknown
15	1	300	0.06834646	0.06834646	0.12732074	0.11904457	-99.342705	unknown
15	3	276	0.26944706	0.26944706	0.5239767	0.47479656	-63.28088	unknown
15	2	276	0.33006087	0.33006087	0.5826825	0.5673586	-52.875866	unknown
15	1	276	0.26595658	0.26595658	0.49544314	0.46323812	-60.52903	unknown
15	3	252	0.41624278	0.41624278	0.80944103	0.73346746	-32.11406	unknown
15	2	252	0.075723544	0.075723544	0.13368075	0.1301651	-106.30808	unknown
15	1	252	0.30024716	0.30024716	0.5593221	0.5229648	-53.79383	unknown
15	3	228	0.45097288	0.45097288	0.87697846	0.7946659	-24.740364	unknown
15	2	228	0.20540306	0.20540306	0.3626142	0.3530779	-79.06448	unknown
15	1	228	0.243446	0.243446	0.45350882	0.42402962	-64.950455	unknown
15	3	204	0.10839366	0.10839366	0.2107863	0.19100204	-97.47481	unknown
15	2	204	0.2915032	0.2915032	0.51461357	0.50107986	-60.97622	unknown
15	1	204	0.1303537	0.1303537	0.2428323	0.2270476	-87.16352	unknown
15	3	180	0.045851823	0.045851823	0.08916514	0.08079616	-110.75333	unknown
15	2	180	0.29575196	0.29575196	0.5221143	0.5083833	-60.083622	unknown
15	1	180	0.16902134	0.16902134	0.31486517	0.29439816	-79.5686	unknown
15	3	156	0.12900937	0.12900937	0.25087637	0.22732928	-93.0978	unknown
15	2	156	0.08493752	0.08493752	0.1499469	0.14600347	-104.37237	unknown
15	1	156	0.12724318	0.12724318	0.2370378	0.22162974	-87.77448	unknown
15	3	132	0.17350136	0.17350136	0.33739713	0.30572927	-83.65152	unknown
15	2	132	0.14850694	0.14850694	0.262171	0.25527623	-91.01745	unknown
15	1	132	0.07801729	0.07801729	0.14533624	0.13588902	-97.44321	unknown
15	3	108	0.24592975	0.24592975	0.47824404	0.43335637	-68.27394	unknown
15	2	108	0.19216985	0.19216985	0.3392526	0.33033064	-81.844574	unknown
15	1	108	0.114150435	0.114150435	0.21264768	0.19882506	-90.3461	unknown
15	3	84	0.18361443	0.18361443	0.35706338	0.32354966	-81.504364	unknown
15	2	84	0.16113968	0.16113968	0.28447258	0.27699128	-88.36351	unknown
15	1	84	0.09071077	0.09071077	0.16898258	0.1579983	-94.95001	unknown
15	3	60	0.1382737	0.1382737	0.26889214	0.2436541	-91.13085	unknown
15	2	60	0.10540877	0.10540877	0.18608642	0.18119256	-100.071686	unknown
15	1	60	0.23326206	0.23326206	0.43453744	0.40629143	-66.95074	unknown
15	3	36	0.039389454	0.039389454	0.07659818	0.06940873	-112.12538	unknown
15	2	36	0.04612391	0.04612391	0.08142617	0.079284765	-112.52649	unknown
15	1	36	0.13660237	0.13660237	0.25447276	0.23793142	-85.93619	unknown
15	3	12	0.07425473	0.07425473	0.14439848	0.13084534	-104.722984	unknown
15	2	12	0.23213375	0.23213375	0.40980402	0.39902663	-73.44879	unknown
15	1	12	0.38661894	0.38661894	0.7202217	0.6734055	-36.82908	unknown
15	3	371	0.088347346	0.088347346	0.1718035	0.15567814	-101.73093	unknown
15	2	371	0.18948856	0.18948856	0.3345191	0.32572162	-82.40787	unknown
15	1	371	0.29539645	0.29539645	0.5502859	0.51451594	-54.746586	unknown
15	3	347	0.10563874	0.10563874	0.20542899	0.18614756	-98.059715	unknown
15	2	347	0.086525045	0.086525045	0.15274948	0.14873235	-104.03886	unknown
15	1	347	0.42176366	0.42176366	0.78569186	0.7346199	-29.926115	unknown
15	3	323	0.054531787	0.054531787	0.106044516	0.096091256	-108.910446	unknown
15	2	323	0.052035224	0.052035224	0.09186188	0.08944602	-111.284615	unknown
15	1	323	0.16730602	0.16730602	0.31166974	0.29141045	-79.90552	unknown
15	3	299	0.42213908	0.42213908	0.8209072	0.7438574	-30.862192	unknown
15	2	299	0.034045577	0.034045577	0.060103342	0.058522694	-115.06396	unknown
15	1	299	0.34800807	0.34800807	0.64829457	0.60615385	-44.41285	unknown
15	3	275	0.18237957	0.18237957	0.35466203	0.3213737	-81.76655	unknown
15	2	275	0.20866132	0.20866132	0.36836627	0.35867867	-78.379974	unknown
15	1	275	0.05923605	0.05923605	0.11034919	0.10317623	-101.132126	unknown
15	3	251	0.2754133	0.2754133	0.53557885	0.48530978	-62.01416	unknown
15	2	251	0.08313406	0.08313406	0.14676312	0.14290342	-104.75124	unknown
15	1	251	0.2833589	0.2833589	0.5278615	0.49354914	-57.110943	unknown
15	3	227	0.2921457	0.2921457	0.56811726	0.5147942	-58.461636	unknown
15	2	227	0.08925265	0.08925265	0.15756474	0.15342097	-103.46583	unknown
15	1	227	0.3066445	0.3066445	0.57123953	0.53410757	-52.537292	unknown
15	3	203	0.42782673	0.42782673	0.8319676	0.7538797	-29.654621	unknown
15	2	203	0.094750375	0.094750375	0.1672703	0.16287129	-102.310844	unknown
15	1	203	0.12426336	0.12426336	0.23148677	0.21643956	-88.359764	unknown
15	3	179	0.11719275	0.11719275	0.22789735	0.20650706	-95.606636	unknown
15	2	179	0.14283158	0.14283158	0.25215185	0.24552055	-92.209755	unknown
15	1	179	0.07770505	0.07770505	0.14475457	0.13534518	-97.50453	unknown
15	3	155	0.14620602	0.14620602	0.2843176	0.25763175	-89.4467	unknown
15	2	155	0.038129892	0.038129892	0.06731371	0.065543436	-114.2059	unknown
15	1	155	0.148546	0.148546	0.27672222	0.25873458	-83.59028	unknown
15	3	131	0.31214958	0.31214958	0.6070176	0.55004334	-54.214527	unknown
15	2	131	0.15192464	0.15192464	0.26820454	0.26115108	-90.299446	unknown
15	1	131	0.20234267	0.20234267	0.37693855	0.35243663	-73.02378	unknown
15	3	107	0.3844386	0.3844386	0.74759346	0.67742485	-38.86654	unknown
15	2	107	0.030944211	0.030944211	0.054628257	0.0531916	-115.7155	unknown
15	1	107	0.06915067	0.06915067	0.12881887	0.120445326	-99.184746	unknown
15	3	83	0.32753143	0.32753143	0.6369297	0.5771479	-50.948742	unknown
15	2	83	0.2534691	0.2534691	0.447469	0.4357011	-68.966576	unknown
15	1	83	0.18610021	0.18610021	0.34668094	0.32414582	-76.21405	unknown
15	3	59	0.09121368	0.09121368	0.17737748	0.16072895	-101.12236	unknown
15	2	59	0.24979056	0.24979056	0.44097498	0.42937785	-69.73938	unknown
15	1	59	0.18377239	0.18377239	0.3423445	0.32009125	-76.67127	unknown
15	3	35	0.11420889	0.11420889	0.22209482	0.20124915	-96.24015	unknown
15	2	35	0.10903905	0.10903905	0.19249524	0.18743284	-99.30902	unknown
15	1	35	0.23213659	0.23213659	0.43244082	0.40433112	-67.1718	unknown
15	3	11	0.18099406	0.18099406	0.35196772	0.31893227	-82.06071	unknown
15	2	11	0.17462403	0.17462403	0.30827755	0.3001702	-85.53067	unknown
15	1	11	0.21448131	0.21448131	0.3995513	0.37357947	-70.639565	unknown
15	3	370	0.03147971	0.03147971	0.0612166	0.055470854	-113.80473	unknown
15	2	370	0.094181366	0.094181366	0.16626579	0.16189319	-102.43038	unknown
15	1	370	0.12347019	0.12347019	0.23000918	0.21505803	-88.51556	unknown
15	3	346	0.11800888	0.11800888	0.22948441	0.20794517	-95.43336	unknown
15	2	346	0.14316653	0.14316653	0.25274315	0.24609631	-92.13938	unknown
15	1	346	0.3255339	0.3255339	0.6064281	0.56700873	-48.827126	unknown
15	3	322	0.1081097	0.1081097	0.21023409	0.19050168	-97.535095	unknown
15	2	322	0.2265795	0.2265795	0.39999866	0.38947916	-74.615654	unknown
15	1	322	0.2389206	0.2389206	0.44507855	0.41614735	-65.83931	unknown
15	3	298	0.22454694	0.22454694	0.43666226	0.39567742	-72.81381	unknown
15	2	298	0.05456795	0.05456795	0.09633311	0.09379966	-110.75253	unknown
15	1	298	0.07751794	0.07751794	0.14440602	0.13501927	-97.54128	unknown
15	3	274	0.16246846	0.16246846	0.31594217	0.28628805	-85.99396	unknown
15	2	274	0.41031006	0.41031006	0.7243527	0.7053031	-36.016792	unknown
15	1	274	0.1455864	0.1455864	0.27120888	0.25357962	-84.171585	unknown
15	3	250	0.06756631	0.06756631	0.13139194	0.119059585	-106.143036	unknown
15	2	250	0.24363542	0.24363542	0.43010882	0.41879746	-71.03248	unknown
15	1	250	0.22415745	0.22415745	0.4175767	0.3904332	-68.73902	unknown
15	3	226	0.12162318	0.12162318	0.23651291	0.21431397	-94.66599	unknown
15	2	226	0.2458002	0.2458002	0.43393046	0.4225186	-70.57769	unknown
15	1	226	0.13605927	0.13605927	0.25346103	0.23698545	-86.04286	unknown
15	3	202	0.18519127	0.18519127	0.36012977	0.32632825	-81.16958	unknown
15	2	202	0.21160878	0.21160878	0.37356967	0.3637452	-77.76076	unknown
15	1	202	0.08328096	0.08328096	0.15514179	0.14505719	-96.40934	unknown
15	3	178	0.1628362	0.1628362	0.31665725	0.286936	-85.915886	unknown
15	2	178	0.13063869	0.13063869	0.23062678	0.22456156	-94.771286	unknown
15	1	178	0.4356885	0.4356885	0.81163204	0.75887394	-27.191063	unknown
15	3	154	0.16463263	0.16463263	0.32015067	0.29010156	-85.53447	unknown
15	2	154	0.08272012	0.08272012	0.14603235	0.14219187	-104.83821	unknown
15	1	154	0.14715819	0.14715819	0.2741369	0.25631735	-83.86286	unknown
15	3	130	0.051377773	0.051377773	0.09991111	0.09053352	-109.58009	unknown
15	2	130	0.105625875	0.105625875	0.18646969	0.18156575	-100.02608	unknown
15	1	130	0.19325517	0.19325517	0.3600097	0.33660817	-74.80871	unknown
15	3	106	0.18762098	0.18762098	0.36485466	0.33060965	-80.65372	unknown
15	2	106	0.13525708	0.13525708	0.23877999	0.23250036	-93.80103	unknown
15	1	106	0.25880942	0.25880942	0.4821289	0.45078933	-61.932842	unknown
15	3	82	0.10403532	0.10403532	0.2023109	0.18332215	-98.40015	unknown
15	2	82	0.31626445	0.31626445	0.55832654	0.54364324	-55.774277	unknown
15	1	82	0.51349133	0.51349133	0.9565688	0.89438945	-11.909386	unknown
15	3	58	0.043162078	0.043162078	0.08393457	0.076056525	-111.3244	unknown
15	2	58	0.2747527	0.2747527	0.4850426	0.47228655	-64.49523	unknown
15	1	58	0.13961975	0.13961975	0.26009378	0.24318703	-85.34353	unknown
15	3	34	0.1581261	0.1581261	0.30749783	0.2786363	-86.9159	unknown
15	2	34	0.20131256	0.20131256	0.35539293	0.3460465	-79.923836	unknown
15	1	34	0.057860795	0.057860795	0.107787274	0.10078084	-101.40225	unknown
15	3	10	0.23873013	0.23873013	0.4642434	0.42066982	-69.80252	unknown
15	2	10	0.13527943	0.13527943	0.23881945	0.23253877	-93.79634	unknown
15	1	10	0.24108906	0.24108906	0.44911814	0.41992435	-65.41339	unknown
15	3	369	0.06470999	0.06470999	0.12583743	0.11402641	-106.74947	unknown
15	2	369	0.08457436	0.08457436	0.14930578	0.14537922	-104.44866	unknown
15	1	369	0.3464625	0.3464625	0.64541537	0.6034618	-44.716427	unknown
15	3	345	0.4129186	0.4129186	0.8029767	0.7276099	-32.81983	unknown
15	2	345	0.08153287	0.08153287	0.14393641	0.14015105	-105.08763	unknown
15	1	345	0.33374777	0.33374777	0.6217295	0.5813155	-47.21379	unknown
15	3	321	0.16073577	0.16073577	0.3125727	0.28323483	-86.36183	unknown
15	2	321	0.27426076	0.27426076	0.48417413	0.47144094	-64.59858	unknown
15	1	321	0.18411379	0.18411379	0.34298047	0.3206859	-76.60422	unknown
15	3	297	0.17369024	0.17369024	0.33776444	0.3060621	-83.61141	unknown
15	2	297	0.33210558	0.33210558	0.58629215	0.5708734	-52.44631	unknown
15	1	297	0.084910356	0.084910356	0.15817715	0.14789525	-96.0893	unknown
15	3	273	0.03735316	0.03735316	0.07263833	0.06582055	-112.55772	unknown
15	2	273	0.06770812	0.06770812	0.119530484	0.11638697	-107.99199	unknown
15	1	273	0.16192065	0.16192065	0.3016375	0.2820303	-80.96329	unknown
15	3	249	0.09624905	0.09624905	0.18716945	0.16960186	-100.05328	unknown
15	2	249	0.25958377	0.25958377	0.4582637	0.4462119	-67.681984	unknown
15	1	249	0.19309153	0.19309153	0.35970485	0.33632314	-74.84085	unknown
15	3	225	0.15360948	0.15360948	0.29871467	0.2706775	-87.87485	unknown
15	2	225	0.102680124	0.102680124	0.18126932	0.17650215	-100.644936	unknown
15	1	225	0.14994997	0.14994997	0.27933764	0.26118	-83.314514	unknown
15	3	201	0.24262668	0.24262668	0.47182077	0.427536	-68.97523	unknown
15	2	201	0.2051561	0.2051561	0.36217824	0.35265338	-79.11636	unknown
15	1	201	0.06015721	0.06015721	0.112065196	0.10478068	-100.951195	unknown
15	3	177	0.20608303	0.20608303	0.40075666	0.3631419	-76.73396	unknown
15	2	177	0.16427462	0.16427462	0.29000694	0.2823801	-87.70491	unknown
15	1	177	0.072333515	0.072333515	0.1347481	0.12598914	-98.559586	unknown
15	3	153	0.11610101	0.11610101	0.2257743	0.20458327	-95.838425	unknown
15	2	153	0.081952326	0.081952326	0.14467691	0.14087208	-104.99951	unknown
15	1	153	0.38618147	0.38618147	0.7194068	0.67264354	-36.915005	unknown
15	3	129	0.12183418	0.12183418	0.23692323	0.21468578	-94.62119	unknown
15	2	129	0.19700927	0.19700927	0.347796	0.33864936	-80.82789	unknown
15	1	129	0.123779245	0.123779245	0.23058492	0.21559633	-88.45485	unknown
15	3	105	0.24604473	0.24604473	0.47846764	0.43355897	-68.24953	unknown
15	2	105	0.13420738	0.13420738	0.23692687	0.23069598	-94.02156	unknown
15	1	105	0.3318363	0.3318363	0.61816865	0.5779862	-47.589233	unknown
15	3	81	0.11651016	0.11651016	0.22656995	0.20530425	-95.75156	unknown
15	2	81	0.13282005	0.13282005	0.23447771	0.22831123	-94.31301	unknown
15	1	81	0.04967503	0.04967503	0.09253824	0.08652302	-103.01006	unknown
15	3	57	0.20653863	0.20653863	0.40164262	0.36394474	-76.63723	unknown
15	2	57	0.10020077	0.10020077	0.17689233	0.17224026	-101.1658	unknown
15	1	57	0.19816129	0.19816129	0.36914918	0.34515357	-73.84507	unknown
15	3	33	0.07881587	0.07881587	0.15326825	0.13888259	-103.75459	unknown
15	2	33	0.20346631	0.20346631	0.3591951	0.3497487	-79.47137	unknown
15	1	33	0.019415878	0.019415878	0.0361693	0.033818208	-108.95342	unknown
15	3	9	0.20149827	0.20149827	0.39184096	0.35506302	-77.707375	unknown
15	2	9	0.28294808	0.28294808	0.49951056	0.486374	-62.773514	unknown
15	1	9	0.14484842	0.14484842	0.2698341	0.2522942	-84.316536	unknown
15	3	368	0	0	0	0	-120.48832	blank
15	2	368	0	0	0	0	-122.216385	blank
15	1	368	0	0	0	0	-112.767	blank
15	3	344	0.19560762	0.19560762	0.3803858	0.34468302	-78.958046	unknown
15	2	344	0.079473995	0.079473995	0.1403017	0.13661194	-105.52017	unknown
15	1	344	0.13525747	0.13525747	0.2519674	0.2355889	-86.20035	unknown
15	3	320	0.3658516	0.3658516	0.7114485	0.64467245	-42.81282	unknown
15	2	320	0.086009905	0.086009905	0.15184006	0.14784685	-104.14708	unknown
15	1	320	0.2692174	0.2692174	0.50151765	0.46891776	-59.888554	unknown
15	3	296	0.0986077	0.0986077	0.19175616	0.17375806	-99.552505	unknown
15	2	296	0.23640324	0.23640324	0.4173413	0.4063657	-72.55184	unknown
15	1	296	0.09616403	0.09616403	0.17914131	0.16749668	-93.87891	unknown
15	3	272	0.12222073	0.12222073	0.23767494	0.21536693	-94.53912	unknown
15	2	272	0.057876006	0.057876006	0.102173075	0.099486046	-110.05756	unknown
15	1	272	0.23794147	0.23794147	0.4432546	0.41444194	-66.031624	unknown
15	3	248	0.25513142	0.25513142	0.49613795	0.44957078	-66.32029	unknown
15	2	248	0.107871085	0.107871085	0.19043334	0.18542516	-99.5544	unknown
15	1	248	0.121482566	0.121482566	0.22630651	0.21159603	-88.90595	unknown
15	3	224	0.37734014	0.37734014	0.7337895	0.6649165	-40.373646	unknown
15	2	224	0.061278015	0.061278015	0.10817891	0.10533393	-109.34286	unknown
15	1	224	0.21744694	0.21744694	0.40507588	0.37874493	-70.05707	unknown
15	3	200	0.13339026	0.13339026	0.25939563	0.23504892	-92.16767	unknown
15	2	200	0.16060862	0.16060862	0.28353506	0.27607843	-88.47508	unknown
15	1	200	0.21410003	0.21410003	0.39884102	0.37291536	-70.714455	unknown
15	3	176	0.4086055	0.4086055	0.7945893	0.7200097	-33.735565	unknown
15	2	176	0.105238535	0.105238535	0.18578587	0.18089993	-100.10745	unknown
15	1	176	0.11586683	0.11586683	0.21584511	0.20181465	-90.00897	unknown
15	3	152	0.18750054	0.18750054	0.36462045	0.33039743	-80.67929	unknown
15	2	152	0.3182719	0.3182719	0.5618705	0.5470939	-55.35254	unknown
15	1	152	0.23515195	0.23515195	0.43805805	0.40958318	-66.57954	unknown
15	3	128	0.28851157	0.28851157	0.56105024	0.5083904	-59.23321	unknown
15	2	128	0.275095	0.275095	0.48564687	0.4728749	-64.423325	unknown
15	1	128	0.31710976	0.31710976	0.590735	0.55233574	-50.481754	unknown
15	3	104	0.19638835	0.19638835	0.381904	0.34605876	-78.79228	unknown
15	2	104	0.24332017	0.24332017	0.4295523	0.41825557	-71.0987	unknown
15	1	104	0.08327484	0.08327484	0.1551304	0.14504653	-96.41054	unknown
15	3	80	0.48735678	0.48735678	0.9477319	0.8587785	-17.015545	unknown
15	2	80	0.19408341	0.19408341	0.34263074	0.33361995	-81.44256	unknown
15	1	80	0.071558915	0.071558915	0.13330512	0.12463996	-98.71173	unknown
15	3	56	0.16127458	0.16127458	0.31362048	0.28418428	-86.24744	unknown
15	2	56	0.14429484	0.14429484	0.25473505	0.24803583	-91.90234	unknown
15	1	56	0.15549795	0.15549795	0.28967282	0.2708434	-82.22481	unknown
15	3	32	0.07001405	0.07001405	0.13615191	0.12337278	-105.623344	unknown
15	2	32	0.48121095	0.48121095	0.8495196	0.82717824	-21.121649	unknown
15	1	32	0.2643854	0.2643854	0.49251625	0.46050146	-60.83763	unknown
15	3	8	0.118053205	0.118053205	0.22957061	0.20802327	-95.42395	unknown
15	2	8	0.06580626	0.06580626	0.116172984	0.11311777	-108.39154	unknown
15	1	8	0.30616304	0.30616304	0.57034266	0.533269	-52.63186	unknown
15	3	367	0	0	0	0	-120.48832	blank
15	2	367	0	0	0	0	-122.216385	blank
15	1	367	0	0	0	0	-112.767	blank
15	3	343	0.06072193	0.06072193	0.1180821	0.106998995	-107.59619	unknown
15	2	343	0.014831644	0.014831644	0.02618347	0.025494875	-119.100494	unknown
15	1	343	0.09315058	0.09315058	0.17352763	0.16224791	-94.470795	unknown
15	3	319	0.3237646	0.3237646	0.6296045	0.57051027	-51.748493	unknown
15	2	319	0.13284342	0.13284342	0.23451896	0.22835138	-94.308105	unknown
15	1	319	0.15100278	0.15100278	0.2812989	0.26301378	-83.10773	unknown
15	3	295	0.033287916	0.033287916	0.06473291	0.05865712	-113.42082	unknown
15	2	295	0.13283066	0.13283066	0.23449644	0.22832946	-94.31078	unknown
15	1	295	0.061495155	0.061495155	0.114557624	0.10711109	-100.68841	unknown
15	3	271	0.18387792	0.18387792	0.35757577	0.32401395	-81.448425	unknown
15	2	271	0.19453411	0.19453411	0.3434264	0.3343947	-81.34788	unknown
15	1	271	0.26451436	0.26451436	0.49275646	0.46072608	-60.8123	unknown
15	3	247	0.31675246	0.31675246	0.6159685	0.5581541	-53.23727	unknown
15	2	247	0.25176513	0.25176513	0.44446084	0.43277204	-69.324554	unknown
15	1	247	0.10182859	0.10182859	0.18969366	0.1773631	-92.7663	unknown
15	3	223	0.16641377	0.16641377	0.32361433	0.29324013	-85.15631	unknown
15	2	223	0.16243522	0.16243522	0.2867597	0.27921826	-88.09134	unknown
15	1	223	0.35110325	0.35110325	0.6540605	0.61154497	-43.80491	unknown
15	3	199	0.28135186	0.28135186	0.5471272	0.4957742	-60.75332	unknown
15	2	199	0.0945503	0.0945503	0.16691709	0.16252737	-102.35288	unknown
15	1	199	0.09286565	0.09286565	0.17299685	0.16175163	-94.52676	unknown
15	3	175	0.14475608	0.14475608	0.281498	0.2550768	-89.75455	unknown
15	2	175	0.10694838	0.10694838	0.18880442	0.18383908	-99.74824	unknown
15	1	175	0.21329677	0.21329677	0.39734465	0.37151626	-70.87223	unknown
15	3	151	0.032244857	0.032244857	0.06270453	0.056819133	-113.64228	unknown
15	2	151	0.26405063	0.26405063	0.4661494	0.4538902	-66.74356	unknown
15	1	151	0.19447951	0.19447951	0.3622905	0.3387407	-74.56823	unknown
15	3	127	0.293703	0.293703	0.57114565	0.5175383	-58.131	unknown
15	2	127	0.018481625	0.018481625	0.03262707	0.031769015	-118.333694	unknown
15	1	127	0.15534396	0.15534396	0.28938597	0.27057517	-82.25505	unknown
15	3	103	0.28987134	0.28987134	0.5636945	0.5107865	-58.944515	unknown
15	2	103	0.118084334	0.118084334	0.20846358	0.20298123	-97.40875	unknown
15	1	103	0.09038765	0.09038765	0.16838065	0.15743549	-95.01347	unknown
15	3	79	0.16488376	0.16488376	0.32063904	0.29054406	-85.481155	unknown
15	2	79	0.044702377	0.044702377	0.07891663	0.07684121	-112.825134	unknown
15	1	79	0.12540755	0.12540755	0.23361824	0.21843249	-88.135025	unknown
15	3	55	0.03463532	0.03463532	0.06735312	0.0610314	-113.13475	unknown
15	2	55	0.0931415	0.0931415	0.16443004	0.16010572	-102.64884	unknown
15	1	55	0.15503213	0.15503213	0.28880507	0.27003202	-82.3163	unknown
15	3	31	0.30220175	0.30220175	0.58767265	0.5325141	-56.32659	unknown
15	2	31	0.25198644	0.25198644	0.44485155	0.43315247	-69.27806	unknown
15	1	31	0.18463644	0.18463644	0.34395412	0.32159624	-76.50156	unknown
15	3	7	0.35026556	0.35026556	0.6811393	0.61720806	-46.121964	unknown
15	2	7	0.18325989	0.18325989	0.32352313	0.31501484	-83.71641	unknown
15	1	7	0.08346038	0.08346038	0.15547603	0.14536971	-96.37409	unknown
15	3	366	0.139	0.139	0.2703045	0.24493392	-90.97665	negative
15	2	366	0.155	0.155	0.27363372	0.26643747	-89.65336	negative
15	1	366	0.053	0.053	0.09873223	0.09231439	-102.35699	negative
15	3	342	0.04576585	0.04576585	0.08899796	0.08064467	-110.77158	unknown
15	2	342	0.17503926	0.17503926	0.3090106	0.30088398	-85.443436	unknown
15	1	342	0.117429055	0.117429055	0.21875533	0.2045357	-89.702126	unknown
15	3	318	0.43731442	0.43731442	0.85041773	0.7705981	-27.640251	unknown
15	2	318	0.122791	0.122791	0.21677263	0.21107176	-96.41996	unknown
15	1	318	0.083434016	0.083434016	0.15542692	0.14532378	-96.37927	unknown
15	3	294	0.116476744	0.116476744	0.22650497	0.20524536	-95.75865	unknown
15	2	294	0.41027766	0.41027766	0.7242955	0.7052474	-36.023598	unknown
15	1	294	0.114577934	0.114577934	0.21344405	0.19956967	-90.26213	unknown
15	3	270	0.19775148	0.19775148	0.3845548	0.34846076	-78.50287	unknown
15	2	270	0.11173308	0.11173308	0.19725122	0.19206373	-98.74305	unknown
15	1	270	0.13476868	0.13476868	0.25105685	0.23473753	-86.29636	unknown
15	3	246	0.016198706	0.016198706	0.0315006	0.028543975	-117.04911	unknown
15	2	246	0.08508442	0.08508442	0.15020624	0.146256	-104.34151	unknown
15	1	246	0.19749673	0.19749673	0.3679112	0.34399605	-73.9756	unknown
15	3	222	0.07149502	0.07149502	0.13903184	0.12598242	-105.308914	unknown
15	2	222	0.16074231	0.16074231	0.28377107	0.27630824	-88.44699	unknown
15	1	222	0.06485441	0.06485441	0.120815486	0.11296219	-100.028595	unknown
15	3	198	0.08267287	0.08267287	0.1607687	0.14567907	-102.9357	unknown
15	2	198	0.40533984	0.40533984	0.7155784	0.6967595	-37.06096	unknown
15	1	198	0.284341	0.284341	0.529691	0.49525976	-56.918045	unknown
15	3	174	0.05089297	0.05089297	0.09896834	0.08967924	-109.68302	unknown
15	2	174	0.3115975	0.3115975	0.55008763	0.535621	-56.754726	unknown
15	1	174	0.107497066	0.107497066	0.20025331	0.18723635	-91.65292	unknown
15	3	150	0.25078487	0.25078487	0.4876855	0.44191167	-67.243126	unknown
15	2	150	0.07135888	0.07135888	0.12597546	0.122662455	-107.22502	unknown
15	1	150	0.08407809	0.08407809	0.15662675	0.14644562	-96.25277	unknown
15	3	126	0.21093121	0.21093121	0.4101846	0.37168494	-75.70463	unknown
15	2	126	0.12398505	0.12398505	0.2188806	0.21312429	-96.169106	unknown
15	1	126	0.119188696	0.119188696	0.22203332	0.20760061	-89.35651	unknown
15	3	102	0.17490418	0.17490418	0.3401251	0.3082012	-83.353676	unknown
15	2	102	0.25141838	0.25141838	0.4438487	0.432176	-69.3974	unknown
15	1	102	0.10133304	0.10133304	0.1887705	0.17649996	-92.86363	unknown
15	3	78	0.15629797	0.15629797	0.30394277	0.2754149	-87.30404	unknown
15	2	78	0.053459264	0.053459264	0.094375856	0.09189388	-110.98545	unknown
15	1	78	0.04895422	0.04895422	0.09119546	0.08526753	-103.15164	unknown
15	3	54	0.07987283	0.07987283	0.15532365	0.14074507	-103.53018	unknown
15	2	54	0.10126628	0.10126628	0.17877334	0.17407182	-100.941956	unknown
15	1	54	0.40336162	0.40336162	0.7514112	0.7025676	-33.54056	unknown
15	3	30	0.26149353	0.26149353	0.50850993	0.46078154	-64.96953	unknown
15	2	30	0.31545794	0.31545794	0.55690277	0.5422569	-55.94371	unknown
15	1	30	0.22102566	0.22102566	0.41174257	0.3849783	-69.35416	unknown
15	3	6	0.022861928	0.022861928	0.044458147	0.040285334	-115.63441	unknown
15	2	6	0.07948873	0.07948873	0.14032772	0.13663727	-105.517075	unknown
15	1	6	0.25061104	0.25061104	0.46685636	0.43650955	-63.54313	unknown
15	3	365	0.064	0.064	0.12445676	0.11277533	-106.900215	negative
15	2	365	0.132	0.132	0.23303	0.22690159	-94.48529	negative
15	1	365	0.044	0.044	0.08196638	0.07663836	-104.124725	negative
15	3	341	0.07592619	0.07592619	0.14764887	0.13379064	-104.36811	unknown
15	2	341	0.07583898	0.07583898	0.13388453	0.13036352	-106.28383	unknown
15	1	341	0.06027868	0.06027868	0.112291485	0.10499226	-100.92734	unknown
15	3	317	0.06229147	0.06229147	0.12113428	0.1097647	-107.262955	unknown
15	2	317	0.16310807	0.16310807	0.28794754	0.28037485	-87.94999	unknown
15	1	317	0.4354956	0.4354956	0.8112727	0.75853795	-27.228952	unknown
15	3	293	0.21585451	0.21585451	0.41975862	0.38036036	-74.65934	unknown
15	2	293	0.059601422	0.059601422	0.10521909	0.10245195	-109.695076	unknown
15	1	293	0.31750727	0.31750727	0.5914755	0.5530281	-50.40368	unknown
15	3	269	0.19004714	0.19004714	0.36957267	0.33488482	-80.13861	unknown
15	2	269	0.30361775	0.30361775	0.5360004	0.5219042	-58.431145	unknown
15	1	269	0.08458726	0.08458726	0.15757526	0.14733249	-96.15276	unknown
15	3	245	0.30057737	0.30057737	0.58451384	0.52965176	-56.67147	unknown
15	2	245	0.28357854	0.28357854	0.5006236	0.48745775	-62.641064	unknown
15	1	245	0.16623446	0.16623446	0.30967358	0.28954402	-80.11599	unknown
15	3	221	0.3527068	0.3527068	0.6858866	0.62150973	-45.603653	unknown
15	2	221	0.035762336	0.035762336	0.063134074	0.06147372	-114.70329	unknown
15	1	221	0.11794197	0.11794197	0.21971083	0.20542908	-89.60138	unknown
15	3	197	0.112351	0.112351	0.21848188	0.19797532	-96.634605	unknown
15	2	197	0.05853719	0.05853719	0.10334031	0.10062259	-109.918655	unknown
15	1	197	0.21767688	0.21767688	0.40550423	0.37914544	-70.01191	unknown
15	3	173	0.021445822	0.021445822	0.041704334	0.037789993	-115.93507	unknown
15	2	173	0.28953534	0.28953534	0.5111396	0.4976972	-61.389633	unknown
15	1	173	0.06455868	0.06455868	0.120264575	0.112447076	-100.086685	unknown
15	3	149	0.22757648	0.22757648	0.4425536	0.40101582	-72.1706	unknown
15	2	149	0.059546143	0.059546143	0.1051215	0.102356926	-109.706696	unknown
15	1	149	0.082617246	0.082617246	0.15390538	0.14390115	-96.5397	unknown
15	3	125	0.19195803	0.19195803	0.37328863	0.33825204	-79.7329	unknown
15	2	125	0.16073835	0.16073835	0.2837641	0.2763014	-88.44782	unknown
15	1	125	0.058916852	0.058916852	0.10975457	0.10262025	-101.194824	unknown
15	3	101	0.05941702	0.05941702	0.11554453	0.1046996	-107.873245	unknown
15	2	101	0.18279928	0.18279928	0.32270998	0.31422308	-83.81318	unknown
15	1	101	0.21521696	0.21521696	0.40092173	0.37486082	-70.49507	unknown
15	3	77	0.26546794	0.26546794	0.51623875	0.4677849	-64.1257	unknown
15	2	77	0.56645066	0.56645066	1	0.9737012	-3.2141476	unknown
15	1	77	0.12901966	0.12901966	0.24034716	0.224724	-87.42555	unknown
15	3	53	0.090028524	0.090028524	0.17507279	0.15864056	-101.373985	unknown
15	2	53	0.05522021	0.05522021	0.09748459	0.09492086	-110.6155	unknown
15	1	53	0.3046872	0.3046872	0.56759334	0.53069836	-52.921738	unknown
15	3	29	0.25660133	0.25660133	0.4989964	0.45216092	-66.00821	unknown
15	2	29	0.2523493	0.2523493	0.4454921	0.43377617	-69.20183	unknown
15	1	29	0.1633865	0.1633865	0.30436817	0.28458348	-80.67538	unknown
15	3	5	0.15967199	0.15967199	0.31050402	0.28136033	-86.587685	unknown
15	2	5	0.02658142	0.02658142	0.046926275	0.04569217	-116.63206	unknown
15	1	5	0.19227402	0.19227402	0.35818195	0.33489925	-75.00142	unknown
15	3	364	0.503	0.503	0.97815233	0.88634366	-13.694263	positive
15	2	364	0.548	0.548	0.96742755	0.94198537	-7.09034	positive
15	1	364	0.548	0.548	1.020854	0.95449597	-5.131356	positive
15	3	340	0.32697216	0.32697216	0.6358421	0.5761624	-51.067482	unknown
15	2	340	0.25297493	0.25297493	0.4465966	0.43485162	-69.0704	unknown
15	1	340	0.17920198	0.17920198	0.3338304	0.3121306	-77.56897	unknown
15	3	316	0.23428376	0.23428376	0.45559683	0.41283482	-70.74655	unknown
15	2	316	0.20947406	0.20947406	0.36980107	0.36007574	-78.20923	unknown
15	1	316	0.190864	0.190864	0.35555524	0.3324433	-75.278366	unknown
15	3	292	0.22429746	0.22429746	0.4361771	0.39523783	-72.86678	unknown
15	2	292	0.2512941	0.2512941	0.4436293	0.43196237	-69.42351	unknown
15	1	292	0.16123487	0.16123487	0.30035996	0.28083584	-81.097984	unknown
15	3	268	0.20445976	0.20445976	0.39759997	0.3602815	-77.078606	unknown
15	2	268	0.28820464	0.28820464	0.5087904	0.4954098	-61.669193	unknown
15	1	268	0.011213947	0.011213947	0.020890152	0.019532239	-110.56441	unknown
15	3	244	0.22020723	0.22020723	0.42822307	0.38803035	-73.7352	unknown
15	2	244	0.24468702	0.24468702	0.4319653	0.4206051	-70.811554	unknown
15	1	244	0.28872362	0.28872362	0.5378552	0.5028933	-56.05723	unknown
15	3	220	0.15334699	0.15334699	0.29820418	0.27021495	-87.93058	unknown
15	2	220	0.09788548	0.09788548	0.17280495	0.1682604	-101.65221	unknown
15	1	220	0.21955898	0.21955898	0.40901035	0.38242367	-69.642235	unknown
15	3	196	0.4624402	0.4624402	0.8992782	0.81487256	-22.305693	unknown
15	2	196	0.104209095	0.104209095	0.18396853	0.17913038	-100.32372	unknown
15	1	196	0.047430698	0.047430698	0.08835733	0.082613885	-103.45088	unknown
15	3	172	0.03374086	0.03374086	0.06561372	0.059455257	-113.32466	unknown
15	2	172	0.31268954	0.31268954	0.5520155	0.5374981	-56.525307	unknown
15	1	172	0.09187067	0.09187067	0.17114334	0.1600186	-94.72218	unknown
15	3	148	0.15911102	0.15911102	0.30941316	0.28037184	-86.70679	unknown
15	2	148	0.1976685	0.1976685	0.34895977	0.33978254	-80.68939	unknown
15	1	148	0.3350378	0.3350378	0.62413263	0.5835625	-46.96041	unknown
15	3	124	0.2670004	0.2670004	0.5192188	0.4704853	-63.80034	unknown
15	2	124	0.26432577	0.26432577	0.4666351	0.45436317	-66.68576	unknown
15	1	124	0.29022977	0.29022977	0.540661	0.5055167	-55.7614	unknown
15	3	100	0.26274934	0.26274934	0.51095206	0.46299443	-64.702896	unknown
15	2	100	0.05825227	0.05825227	0.102837324	0.10013282	-109.978516	unknown
15	1	100	0.24486606	0.24486606	0.4561542	0.42650303	-64.67153	unknown
15	3	76	0.14775445	0.14775445	0.28732872	0.26036024	-89.11795	unknown
15	2	76	0.027387975	0.027387975	0.04835015	0.0470786	-116.46261	unknown
15	1	76	0.19462688	0.19462688	0.36256504	0.3389974	-74.53928	unknown
15	3	52	0.43978342	0.43978342	0.855219	0.7749488	-27.116047	unknown
15	2	52	0.29697466	0.29697466	0.5242728	0.510485	-59.82675	unknown
15	1	52	0.31026858	0.31026858	0.5779908	0.54041994	-51.82547	unknown
15	3	28	0.2943471	0.2943471	0.57239825	0.5186733	-57.994244	unknown
15	2	28	0.09409011	0.09409011	0.16610469	0.16173634	-102.449554	unknown
15	1	28	0.16660866	0.16660866	0.31037065	0.2901958	-80.04249	unknown
15	3	4	0.29715794	0.29715794	0.5778643	0.5236263	-57.397465	unknown
15	2	4	0.03634903	0.03634903	0.0641698	0.062482215	-114.58003	unknown
15	1	4	0.22545394	0.22545394	0.4199919	0.3926914	-68.48437	unknown
15	3	363	0.55	0.55	1.0695503	0.969163	-3.715497	positive
15	2	363	0.635	0.635	1.1210155	1.0915341	11.186974	positive
15	1	363	0.624	0.624	1.1624323	1.0868714	9.796224	positive
15	3	339	0.3126687	0.3126687	0.6080271	0.5509581	-54.10431	unknown
15	2	339	0.19396353	0.19396353	0.34241912	0.3334139	-81.46774	unknown
15	1	339	0.18494584	0.18494584	0.34453046	0.32213515	-76.44079	unknown
15	3	315	0.0828776	0.0828776	0.16116683	0.14603981	-102.89223	unknown
15	2	315	0.11259877	0.11259877	0.19877948	0.19355182	-98.56118	unknown
15	1	315	0.32680202	0.32680202	0.6087904	0.56921756	-48.578045	unknown
15	3	291	0.070433915	0.070433915	0.13696839	0.12411262	-105.5342	unknown
15	2	291	0.06733843	0.06733843	0.118877836	0.11575149	-108.06966	unknown
15	1	291	0.093503036	0.093503036	0.17418422	0.16286181	-94.401566	unknown
15	3	267	0.12250359	0.12250359	0.238225	0.21586536	-94.479065	unknown
15	2	267	0.071036026	0.071036026	0.12540549	0.122107476	-107.292854	unknown
15	1	267	0.21190278	0.21190278	0.39474782	0.36908823	-71.14603	unknown
15	3	243	0.14518042	0.14518042	0.28232318	0.25582454	-89.66445	unknown
15	2	243	0.0679687	0.0679687	0.1199905	0.11683489	-107.93725	unknown
15	1	243	0.19779071	0.19779071	0.36845884	0.3445081	-73.917854	unknown
15	3	219	0.15532658	0.15532658	0.30205378	0.27370322	-87.510284	unknown
15	2	219	0.36194754	0.36194754	0.63897455	0.62217027	-46.176987	unknown
15	1	219	0.04896575	0.04896575	0.09121694	0.08528761	-103.149376	unknown
15	3	195	0.20926975	0.20926975	0.40695366	0.36875725	-76.05738	unknown
15	2	195	0.3705313	0.3705313	0.6541281	0.6369253	-44.373676	unknown
15	1	195	0.09518653	0.09518653	0.17732035	0.16579409	-94.0709	unknown
15	3	171	0.019326247	0.019326247	0.03758253	0.03405506	-116.385086	unknown
15	2	171	0.040308643	0.040308643	0.071160026	0.069288604	-113.748184	unknown
15	1	171	0.14053231	0.14053231	0.26179376	0.24477652	-85.16429	unknown
15	3	147	0.21574757	0.21574757	0.41955066	0.38017192	-74.682045	unknown
15	2	147	0.27158847	0.27158847	0.47945654	0.4668474	-65.15998	unknown
15	1	147	0.038277134	0.038277134	0.07130542	0.06667039	-105.24878	unknown
15	3	123	0.31247607	0.31247607	0.6076525	0.55061865	-54.14521	unknown
15	2	123	0.38644907	0.38644907	0.682229	0.6642872	-41.029606	unknown
15	1	123	0.23907946	0.23907946	0.4453745	0.41642407	-65.808105	unknown
15	3	99	0.36147052	0.36147052	0.7029289	0.63695246	-43.74299	unknown
15	2	99	0.119204685	0.119204685	0.21044143	0.20490706	-97.173386	unknown
15	1	99	0.16499867	0.16499867	0.30737144	0.28739154	-80.35872	unknown
15	3	75	0.19038658	0.19038658	0.37023276	0.33548295	-80.06654	unknown
15	2	75	0.35103694	0.35103694	0.6197132	0.6034154	-48.46913	unknown
15	1	75	0.22939537	0.22939537	0.42733428	0.39955652	-67.71021	unknown
15	3	51	0.16847496	0.16847496	0.3276226	0.29687217	-84.7187	unknown
15	2	51	0.26746425	0.26746425	0.47217572	0.45975807	-66.02642	unknown
15	1	51	0.023091145	0.023091145	0.043015853	0.040219717	-108.231544	unknown
15	3	27	0.15950172	0.15950172	0.31017292	0.28106028	-86.62384	unknown
15	2	27	0.28062862	0.28062862	0.49541584	0.48238698	-63.26079	unknown
15	1	27	0.17715622	0.17715622	0.3300194	0.30856735	-77.97079	unknown
15	3	3	0.24491629	0.24491629	0.47627324	0.43157056	-68.48911	unknown
15	2	3	0.2566817	0.2566817	0.45314047	0.44122338	-68.29166	unknown
15	1	3	0.35453764	0.35453764	0.6604583	0.6175269	-43.130344	unknown
15	3	362	0.547	0.547	1.0637163	0.9638766	-4.352444	positive
15	2	362	0.609	0.609	1.0751158	1.0468415	5.7247963	positive
15	1	362	0.603	0.603	1.123312	1.0502939	5.671494	positive
15	3	338	0.06497956	0.06497956	0.12636164	0.11450143	-106.69224	unknown
15	2	338	0.42586514	0.42586514	0.7518133	0.7320415	-32.74892	unknown
15	1	338	0.34273556	0.34273556	0.63847256	0.59697026	-45.448452	unknown
15	3	314	0.2889889	0.2889889	0.5619784	0.5092315	-59.13187	unknown
15	2	314	0.2195129	0.2195129	0.3875234	0.377332	-76.100235	unknown
15	1	314	0.29876596	0.29876596	0.55656284	0.52038485	-54.084763	unknown
15	3	290	0.19878863	0.19878863	0.38657168	0.35028833	-78.28267	unknown
15	2	290	0.059045047	0.059045047	0.10423688	0.10149557	-109.811966	unknown
15	1	290	0.013115034	0.013115034	0.024431635	0.022843517	-110.19101	unknown
15	3	266	0.08777474	0.08777474	0.17068999	0.15466914	-101.8525	unknown
15	2	266	0.08234967	0.08234967	0.14537837	0.14155509	-104.91604	unknown
15	1	266	0.41005266	0.41005266	0.7638757	0.71422195	-32.226337	unknown
15	3	242	0.059912905	0.059912905	0.11650884	0.1055734	-107.76796	unknown
15	2	242	0.2422677	0.2422677	0.42769426	0.41644642	-71.31981	unknown
15	1	242	0.0911647	0.0911647	0.16982819	0.15878895	-94.86085	unknown
15	3	218	0.18811515	0.18811515	0.36581564	0.33148044	-80.5488	unknown
15	2	218	0.12748344	0.12748344	0.22505657	0.21913785	-95.43415	unknown
15	1	218	0.256459	0.256459	0.47775036	0.44669542	-62.3945	unknown
15	3	194	0.15446301	0.15446301	0.30037445	0.2721815	-87.69363	unknown
15	2	194	0.06897782	0.06897782	0.12177198	0.11856952	-107.72525	unknown
15	1	194	0.19832666	0.19832666	0.36945724	0.3454416	-73.812584	unknown
15	3	170	0.10332073	0.10332073	0.2009213	0.18206297	-98.551865	unknown
15	2	170	0.16376583	0.16376583	0.28910872	0.28150553	-87.8118	unknown
15	1	170	0.17006087	0.17006087	0.3168017	0.2962088	-79.364426	unknown
15	3	146	0.21619788	0.21619788	0.42042634	0.3809654	-74.58644	unknown
15	2	146	0.15439762	0.15439762	0.27257028	0.26540202	-89.779915	unknown
15	1	146	0.15847895	0.15847895	0.29522604	0.2760356	-81.63929	unknown
15	3	122	0.27386293	0.27386293	0.5325639	0.48257783	-62.343327	unknown
15	2	122	0.21697131	0.21697131	0.38303655	0.37296313	-76.63418	unknown
15	1	122	0.22554629	0.22554629	0.42016393	0.39285225	-68.46623	unknown
15	3	98	0.10962949	0.10962949	0.21318954	0.19317971	-97.212425	unknown
15	2	98	0.33609208	0.33609208	0.59332985	0.57772595	-51.608807	unknown
15	1	98	0.11353445	0.11353445	0.21150018	0.19775215	-90.46709	unknown
15	3	74	0.2362333	0.2362333	0.45938796	0.4162701	-70.332634	unknown
15	2	74	0.13469851	0.13469851	0.2377939	0.2315402	-93.91838	unknown
15	1	74	0.18292883	0.18292883	0.34077305	0.31862196	-76.83696	unknown
15	3	50	0.05292646	0.05292646	0.10292274	0.09326248	-109.25128	unknown
15	2	50	0.21498461	0.21498461	0.37952927	0.3695481	-77.05155	unknown
15	1	50	0.11302914	0.11302914	0.21055885	0.196872	-90.56634	unknown
15	3	26	0.30024868	0.30024868	0.58387464	0.5290726	-56.741257	unknown
15	2	26	0.24607623	0.24607623	0.43441775	0.4229931	-70.5197	unknown
15	1	26	0.121794306	0.121794306	0.22688724	0.21213901	-88.84472	unknown
15	3	2	0.23936567	0.23936567	0.46547928	0.4217897	-69.66759	unknown
15	2	2	0.22032122	0.22032122	0.38895044	0.37872148	-75.93041	unknown
15	1	2	0.08518721	0.08518721	0.1586929	0.14837746	-96.03492	unknown
15	3	361	0.563	0.563	1.0948305	0.9920705	-0.95540965	positive
15	2	361	0.516	0.516	0.91093546	0.8869789	-13.81303	positive
15	1	361	0.583	0.583	1.0860546	1.0154583	1.7431893	positive
15	3	337	0.18374641	0.18374641	0.35732004	0.32378224	-81.47635	unknown
15	2	337	0.11033837	0.11033837	0.19478902	0.1896663	-99.03606	unknown
15	1	337	0.26001176	0.26001176	0.4843687	0.45288354	-61.696682	unknown
15	3	313	0.5085228	0.5085228	0.9888922	0.8960754	-12.521697	unknown
15	2	313	0.249256	0.249256	0.44003126	0.42845896	-69.85168	unknown
15	1	313	0.15185565	0.15185565	0.28288767	0.26449928	-82.94021	unknown
15	3	289	0.16444206	0.16444206	0.31978008	0.28976575	-85.574936	unknown
15	2	289	0.15370385	0.15370385	0.27134553	0.26420945	-89.92566	unknown
15	1	289	0.0717383	0.0717383	0.13363929	0.12495241	-98.67649	unknown
15	3	265	0.21388839	0.21388839	0.41593525	0.37689584	-75.076775	unknown
15	2	265	0.33741584	0.33741584	0.59566677	0.5800015	-51.330704	unknown
15	1	265	0.07834572	0.07834572	0.14594808	0.1364611	-97.37869	unknown
15	3	241	0.32769838	0.32769838	0.63725436	0.57744205	-50.913296	unknown
15	2	241	0.11340558	0.11340558	0.2002038	0.19493867	-98.391685	unknown
15	1	241	0.13789004	0.13789004	0.25687152	0.24017425	-85.68327	unknown
15	3	217	0.30352706	0.30352706	0.5902499	0.53484946	-56.04521	unknown
15	2	217	0.13339175	0.13339175	0.23548698	0.22929394	-94.19291	unknown
15	1	217	0.24790153	0.24790153	0.4618089	0.43179017	-64.07532	unknown
15	3	193	0.070519485	0.070519485	0.13713479	0.124263406	-105.51603	unknown
15	2	193	0.14017251	0.14017251	0.24745758	0.24094974	-92.76838	unknown
15	1	193	0.31433654	0.31433654	0.58556885	0.54750544	-51.02646	unknown
15	3	169	0.02811099	0.02811099	0.054665666	0.049534783	-114.51996	unknown
15	2	169	0.081884615	0.081884615	0.14455737	0.14075568	-105.01373	unknown
15	1	169	0.008612114	0.008612114	0.016043268	0.015000417	-111.07545	unknown
15	3	145	0.1733696	0.1733696	0.33714092	0.30549708	-83.67949	unknown
15	2	145	0.14033496	0.14033496	0.24774438	0.24122898	-92.73425	unknown
15	1	145	0.12113542	0.12113542	0.22565982	0.21099137	-88.97414	unknown
15	3	121	0.11476917	0.11476917	0.22318435	0.20223641	-96.12119	unknown
15	2	121	0.035911888	0.035911888	0.063398086	0.06173079	-114.671875	unknown
15	1	121	0.14280993	0.14280993	0.26603666	0.24874362	-84.71693	unknown
15	3	97	0.16863047	0.16863047	0.327925	0.2971462	-84.68568	unknown
15	2	97	0.14811592	0.14811592	0.26148072	0.25460407	-91.099594	unknown
15	1	97	0.109521255	0.109521255	0.2040241	0.19076204	-91.25534	unknown
15	3	73	0.45408124	0.45408124	0.8830231	0.8001431	-24.080418	unknown
15	2	73	0.09314923	0.09314923	0.16444369	0.160119	-102.647224	unknown
15	1	73	0.04068357	0.04068357	0.0757883	0.07086187	-104.77612	unknown
15	3	49	0.14862595	0.14862595	0.2890235	0.26189595	-88.932915	unknown
15	2	49	0.34080768	0.34080768	0.60165465	0.5858318	-50.618134	unknown
15	1	49	0.1758417	0.1758417	0.32757065	0.30627775	-78.22898	unknown
15	3	25	0.12577127	0.12577127	0.24457943	0.22162338	-93.78529	unknown
15	2	25	0.1262348	0.1262348	0.22285224	0.21699148	-95.69647	unknown
15	1	25	0.22827154	0.22827154	0.42524073	0.39759904	-67.930954	unknown
15	3	1	0.07929967	0.07929967	0.15420906	0.1397351	-103.65187	unknown
15	2	1	0.2615289	0.2615289	0.4616976	0.4495555	-67.27334	unknown
15	1	1	0.016956571	0.016956571	0.03158793	0.029534634	-109.43647	unknown
