assay.run.id	plate.order	well	response	bkgrnd.sub	norm	norm.pos	p.enhance	type
2	2	96	0.0041	0	0	0	-113.015564	blank
2	1	96	6.0e-4	0	0	0	-127.23898	blank
2	2	84	0.33134988	0.32724988	0.47060683	0.5633498	-49.34827	unknown
2	1	84	0.064320534	0.06372053	0.098133355	0.11619353	-112.454636	unknown
2	2	72	0.1791013	0.17500131	0.2516634	0.30125892	-78.96862	unknown
2	1	72	0.30629972	0.3056997	0.47079548	0.5574393	-56.31097	unknown
2	2	60	0.1757643	0.17166431	0.24686456	0.2955144	-79.617836	unknown
2	1	60	0.3050204	0.30442038	0.46882525	0.55510646	-56.607796	unknown
2	2	48	0.20219007	0.19809008	0.28486654	0.34100547	-74.47664	unknown
2	1	48	0.6034482	0.60284823	0.92842156	1.0992856	12.6329975	unknown
2	2	36	0.25111833	0.24701834	0.3552286	0.42523384	-64.95752	unknown
2	1	36	0.11681427	0.11621427	0.17897679	0.21191515	-100.27511	unknown
2	2	24	0.20716104	0.20306104	0.29201514	0.34956282	-73.50952	unknown
2	1	24	0.54355484	0.54295486	0.8361823	0.9900708	-1.2633765	unknown
2	2	12	0.08202883	0.077928826	0.112066776	0.13415189	-97.85432	unknown
2	1	12	0.22217312	0.22157313	0.34123558	0.4040356	-75.8299	unknown
2	2	95	0.071	0.0669	0.0962066	0.11516613	-100	negative
2	1	95	0.118	0.1174	0.18080288	0.21407732	-100	negative
2	2	83	0.2924075	0.28830752	0.41460514	0.49631178	-56.924606	unknown
2	1	83	0.122194625	0.12159462	0.18726285	0.22172616	-99.02677	unknown
2	2	71	0.25995317	0.25585318	0.3679337	0.44044274	-63.23868	unknown
2	1	71	0.64992595	0.64932597	1	1.1840371	23.416695	unknown
2	2	59	0.13879351	0.13469352	0.19369812	0.2318704	-86.8106	unknown
2	1	59	0.28967282	0.2890728	0.4451891	0.5271204	-60.16872	unknown
2	2	47	0.37321168	0.3691117	0.53080684	0.63541347	-41.20395	unknown
2	1	47	0.26058522	0.2599852	0.40039247	0.47407955	-66.91758	unknown
2	2	35	0.56089807	0.55679804	0.8007122	0.9585094	-4.6890883	unknown
2	1	35	0.3036281	0.30302808	0.466681	0.55256766	-56.93084	unknown
2	2	23	0.46388224	0.45978224	0.66119707	0.79149985	-23.563765	unknown
2	1	23	0.39702156	0.39642155	0.61051244	0.7228694	-35.261818	unknown
2	2	11	0.30191064	0.29781064	0.42827126	0.5126711	-55.07575	unknown
2	1	11	0.28152856	0.28092855	0.43264645	0.51226944	-62.05834	unknown
2	2	94	0.636	0.63189995	0.9087137	1.0877948	9.922179	positive
2	1	94	0.575	0.5744	0.88460964	1.0474106	6.032481	positive
2	2	82	0.26822862	0.26412863	0.37983432	0.45468864	-61.628674	unknown
2	1	82	0.09901375	0.09841375	0.15156294	0.17945616	-104.40516	unknown
2	2	70	0.5525823	0.5484823	0.7887536	0.9441941	-6.306937	unknown
2	1	70	0.11201216	0.11141216	0.17158125	0.20315857	-101.38929	unknown
2	2	58	0.20430273	0.20020273	0.28790468	0.34464234	-74.06561	unknown
2	1	58	0.29870558	0.29810557	0.45910007	0.5435915	-58.072952	unknown
2	2	46	0.15336956	0.14926957	0.21465944	0.2569626	-83.97479	unknown
2	1	46	0.19687133	0.19627133	0.30226934	0.35789812	-81.700386	unknown
2	2	34	0.5969138	0.5928138	0.8525052	1.0205092	2.317867	unknown
2	1	34	0.25931343	0.25871342	0.39843383	0.47176045	-67.21266	unknown
2	2	22	0.39926755	0.39516756	0.56827694	0.6802678	-36.134716	unknown
2	1	22	0.22498235	0.22438236	0.34556195	0.4091582	-75.17811	unknown
2	2	10	0.41200835	0.40790835	0.586599	0.70220065	-33.65596	unknown
2	1	10	0.227036	0.226436	0.3487247	0.41290298	-74.70162	unknown
2	2	93	0.534	0.52989995	0.762031	0.9122052	-9.922179	positive
2	1	93	0.523	0.5224	0.8045266	0.9525894	-6.032481	positive
2	2	81	0.10344811	0.099348105	0.14286911	0.17102447	-93.68714	unknown
2	1	81	0.1981877	0.1975877	0.3042966	0.36029848	-81.394966	unknown
2	2	69	0.32542822	0.32132822	0.4620911	0.55315584	-50.500343	unknown
2	1	69	0.09839574	0.09779574	0.15061118	0.17832921	-104.54855	unknown
2	2	57	0.18570784	0.18160784	0.261164	0.31263185	-77.6833	unknown
2	1	57	0.4780152	0.4774152	0.7352474	0.8705602	-16.469788	unknown
2	2	45	0.076648965	0.07254896	0.10433018	0.12489063	-98.90098	unknown
2	1	45	0.36275265	0.36215264	0.5577363	0.6603805	-43.21284	unknown
2	2	33	0.14508513	0.14098513	0.20274588	0.2427012	-85.58655	unknown
2	1	33	0.24600688	0.24540688	0.37794095	0.44749615	-70.300026	unknown
2	2	21	0.08027368	0.07617368	0.10954276	0.13113046	-98.195786	unknown
2	1	21	0.04626798	0.04566798	0.070331365	0.083274946	-116.64316	unknown
2	2	9	0.3020509	0.2979509	0.42847297	0.5129126	-55.048462	unknown
2	1	9	0.46944657	0.46884656	0.7220512	0.8549354	-18.457872	unknown
2	2	92	0.55306697	0.54896694	0.7894506	0.94502836	-6.212648	unknown
2	1	92	0.2620218	0.2614218	0.4026049	0.47669914	-66.58427	unknown
2	2	80	0.37838504	0.37428504	0.5382465	0.64431924	-40.19746	unknown
2	1	80	0.3905575	0.3899575	0.6005574	0.7110822	-36.7616	unknown
2	2	68	0.41518426	0.41108426	0.5911662	0.7076679	-33.03808	unknown
2	1	68	0.4708046	0.4702046	0.7241426	0.85741174	-18.142782	unknown
2	2	56	0.4975164	0.4934164	0.7095652	0.8493999	-17.020153	unknown
2	1	56	0.18807085	0.18747085	0.28871608	0.34185058	-83.74226	unknown
2	2	44	0.20069505	0.19659506	0.2827166	0.33843184	-74.7675	unknown
2	1	44	0.08110829	0.080508284	0.12398748	0.14680578	-108.55956	unknown
2	2	32	0.32568833	0.32158834	0.46246517	0.55360365	-50.449738	unknown
2	1	32	0.22305098	0.22245099	0.34258753	0.40563637	-75.62622	unknown
2	2	20	0.26650113	0.26240113	0.37735006	0.4517148	-61.96476	unknown
2	1	20	0.4311927	0.4305927	0.663138	0.78518	-27.33348	unknown
2	2	8	0.29139614	0.28729615	0.41315073	0.49457076	-57.121372	unknown
2	1	8	0.2186704	0.2180704	0.33584118	0.39764842	-76.6426	unknown
2	2	91	0.5636446	0.55954456	0.80466187	0.9632374	-4.1547456	unknown
2	1	91	0.17657295	0.17597295	0.27100864	0.3208843	-86.40999	unknown
2	2	79	0.1693976	0.16529761	0.23770882	0.28455433	-80.8565	unknown
2	1	79	0.13661516	0.13601516	0.20947132	0.24802181	-95.68094	unknown
2	2	67	0.6336004	0.6295004	0.90526295	1.0836641	9.4553385	unknown
2	1	67	0.43363547	0.43303546	0.6669	0.78963435	-26.76671	unknown
2	2	55	0.54049325	0.5363932	0.77136874	0.9233831	-8.658897	unknown
2	1	55	0.48351052	0.4829105	0.7437105	0.88058084	-15.194773	unknown
2	2	43	0.31185144	0.30775145	0.4425668	0.5297839	-53.141743	unknown
2	1	43	0.31212127	0.31152126	0.479761	0.56805485	-54.960262	unknown
2	2	31	0.6994785	0.6953785	1	1.197071	22.272089	unknown
2	1	31	0.29768133	0.29708132	0.45752266	0.5417238	-58.310596	unknown
2	2	19	0.17899485	0.17489485	0.2515103	0.30107567	-78.98933	unknown
2	1	19	0.29528058	0.29468057	0.45382535	0.53734607	-58.867615	unknown
2	2	7	0.45698404	0.45288405	0.651277	0.7796248	-24.905825	unknown
2	1	7	0.11839129	0.11779129	0.18140548	0.21479084	-99.90921	unknown
2	2	90	0.18180431	0.17770432	0.25555047	0.30591208	-78.44274	unknown
2	1	90	0.07164439	0.071044385	0.10941252	0.12954849	-110.75536	unknown
2	2	78	0.30720252	0.30310252	0.43588135	0.5217809	-54.0462	unknown
2	1	78	0.21954325	0.21894325	0.33718544	0.39924008	-76.44008	unknown
2	2	66	0.1858875	0.1817875	0.26142237	0.31294113	-77.648346	unknown
2	1	66	0.20793316	0.20733316	0.3193052	0.37806922	-79.133835	unknown
2	2	54	0.49560645	0.49150646	0.7068186	0.846112	-17.391737	unknown
2	1	54	0.36150578	0.36090577	0.55581605	0.6581068	-43.50214	unknown
2	2	42	0.3050973	0.30099732	0.4328539	0.5181569	-54.455772	unknown
2	1	42	0.19524461	0.19464462	0.2997641	0.35493183	-82.07782	unknown
2	2	30	0.31676432	0.31266433	0.44963184	0.53824127	-52.18593	unknown
2	1	30	0.3367083	0.3361083	0.51762646	0.612889	-49.25561	unknown
2	2	18	0.05011433	0.04601433	0.06617163	0.07921214	-104.06336	unknown
2	1	18	0.31620795	0.31560794	0.48605472	0.5755068	-54.012077	unknown
2	2	6	0.46569467	0.46159467	0.66380346	0.79461986	-23.211151	unknown
2	1	6	0.26302794	0.26242793	0.4041544	0.4785338	-66.35083	unknown
2	2	89	0.19939883	0.19529884	0.28085256	0.33620045	-75.019684	unknown
2	1	89	0.30050918	0.29990917	0.4618777	0.54688036	-57.65448	unknown
2	2	77	0.07653094	0.07243094	0.10416045	0.124687456	-98.92394	unknown
2	1	77	0.21575701	0.21515702	0.3313544	0.39233592	-77.31856	unknown
2	2	65	0.10536678	0.10126678	0.14562829	0.1743274	-93.31386	unknown
2	1	65	0.14162485	0.14102486	0.21718654	0.2571569	-94.51859	unknown
2	2	53	0.39271176	0.38861176	0.5588493	0.6689822	-37.41016	unknown
2	1	53	0.12147115	0.12087115	0.18614866	0.22040692	-99.194626	unknown
2	2	41	0.10747203	0.10337203	0.14865577	0.17795151	-92.904274	unknown
2	1	41	0.14976878	0.14916879	0.22972867	0.27200726	-92.62905	unknown
2	2	29	0.39402983	0.38992983	0.5607447	0.67125124	-37.15373	unknown
2	1	29	0.30402467	0.30342466	0.46729177	0.5532908	-56.838825	unknown
2	2	17	0.16514866	0.16104867	0.23159856	0.27723992	-81.683136	unknown
2	1	17	0.24436483	0.24376483	0.3754121	0.44450188	-70.681015	unknown
2	2	5	0.15161155	0.14751156	0.2121313	0.25393623	-84.31682	unknown
2	1	5	0.12571251	0.12511252	0.1926806	0.22814098	-98.210556	unknown
2	2	88	0.34565875	0.34155875	0.49118394	0.58798206	-46.564445	unknown
2	1	88	0.2630741	0.2624741	0.4042255	0.478618	-66.34012	unknown
2	2	76	0.38382354	0.37972355	0.5460674	0.65368146	-39.139385	unknown
2	1	76	0.032341834	0.031741835	0.048884284	0.057880808	-119.87428	unknown
2	2	64	0.17600031	0.17190032	0.24720395	0.29592067	-79.57192	unknown
2	1	64	0.32715663	0.32655662	0.50291634	0.5954716	-51.47178	unknown
2	2	52	0.39296886	0.38886887	0.559219	0.66942483	-37.36014	unknown
2	1	52	0.35674495	0.35614493	0.5484841	0.6494255	-44.60674	unknown
2	2	40	0.18551834	0.18141834	0.2608915	0.31230563	-77.72017	unknown
2	1	40	0.34129453	0.34069452	0.52468956	0.6212519	-48.191525	unknown
2	2	28	0.2721116	0.2680116	0.3854183	0.46137306	-60.87323	unknown
2	1	28	0.26810944	0.26750943	0.4119802	0.48779985	-65.17182	unknown
2	2	16	0.04012473	0.03602473	0.05180593	0.062015373	-106.00687	unknown
2	1	16	0.2718185	0.27121848	0.41769236	0.49456325	-64.31126	unknown
2	2	4	0.26837632	0.26427633	0.38004673	0.4549429	-61.599937	unknown
2	1	4	0.16752338	0.16692339	0.2570718	0.30438253	-88.50966	unknown
2	2	87	0.35019785	0.34609786	0.49771145	0.5957959	-45.68135	unknown
2	1	87	0.28598645	0.28538644	0.43951187	0.5203984	-61.024025	unknown
2	2	75	0.6197185	0.61561847	0.88529986	1.0597668	6.754575	unknown
2	1	75	0.18197306	0.18137306	0.27932513	0.33073133	-85.15707	unknown
2	2	63	0.27495956	0.27085957	0.38951385	0.46627572	-60.31915	unknown
2	1	63	0.44892538	0.44832537	0.69044733	0.81751525	-23.21917	unknown
2	2	51	0.23554406	0.23144406	0.33283177	0.39842325	-67.98753	unknown
2	1	51	0.1266467	0.1260467	0.1941193	0.22984445	-97.993805	unknown
2	2	39	0.30276844	0.29866844	0.42950484	0.51414776	-54.908863	unknown
2	1	39	0.23949915	0.23889916	0.3679187	0.4356294	-71.809944	unknown
2	2	27	0.31955045	0.31545046	0.4536385	0.5430375	-51.64388	unknown
2	1	27	0.24557751	0.24497752	0.37727973	0.4467132	-70.39965	unknown
2	2	15	0.07972968	0.07562968	0.108760454	0.130194	-98.30162	unknown
2	1	15	0.21015257	0.20955257	0.32272324	0.3821163	-78.6189	unknown
2	2	3	0.26810646	0.26400647	0.37965864	0.45447835	-61.65244	unknown
2	1	3	0.31167385	0.31107384	0.47907194	0.567239	-55.06407	unknown
2	2	86	0.42333844	0.41923845	0.60289246	0.721705	-31.451662	unknown
2	1	86	0.21331207	0.21271208	0.32758906	0.3878776	-77.885826	unknown
2	2	74	0.30631605	0.30221605	0.43460655	0.52025485	-54.218666	unknown
2	1	74	0.29545373	0.29485372	0.45409203	0.5376618	-58.827442	unknown
2	2	62	0.47431612	0.47021613	0.6762017	0.8094614	-21.533825	unknown
2	1	62	0.5020442	0.5014442	0.77225345	0.91437674	-10.894616	unknown
2	2	50	0.19881147	0.19471148	0.2800079	0.3351893	-75.13396	unknown
2	1	50	0.110115714	0.10951571	0.16866061	0.19970043	-101.8293	unknown
2	2	38	0.37454847	0.37044847	0.53272927	0.63771474	-40.943874	unknown
2	1	38	0.3283294	0.3277294	0.5047225	0.5976102	-51.199673	unknown
2	2	26	0.04884907	0.04474907	0.0643521	0.077034034	-104.30952	unknown
2	1	26	0.16493946	0.16433947	0.2530924	0.2996708	-89.10918	unknown
2	2	14	0.14824747	0.14414747	0.20729353	0.24814507	-84.97131	unknown
2	1	14	0.15269181	0.15209182	0.2342303	0.27733737	-91.95086	unknown
2	2	2	0.18280691	0.17870691	0.25699228	0.307638	-78.24768	unknown
2	1	2	0.012218941	0.011618941	0.017893849	0.021186981	-124.54317	unknown
2	2	85	0.19796874	0.19386874	0.278796	0.3337386	-75.29791	unknown
2	1	85	0.1689848	0.1683848	0.25932246	0.30704743	-88.17058	unknown
2	2	73	0.05087123	0.046771232	0.0672601	0.08051512	-103.91611	unknown
2	1	73	0.004724825	0.004124825	0.0063524717	0.0075215623	-126.281944	unknown
2	2	61	0.1385545	0.1344545	0.19335441	0.23145895	-86.8571	unknown
2	1	61	0.28973678	0.28913677	0.4452876	0.527237	-60.15388	unknown
2	2	49	0.22852373	0.22442374	0.32273608	0.386338	-69.353355	unknown
2	1	49	0.20860296	0.20800297	0.32033676	0.3792906	-78.97843	unknown
2	2	37	0.4026987	0.3985987	0.57321113	0.6861744	-35.46718	unknown
2	1	37	0.24488716	0.24428716	0.37621653	0.44545433	-70.55982	unknown
2	2	25	0.10349684	0.09939684	0.1429392	0.17110837	-93.67766	unknown
2	1	25	0.40695482	0.4063548	0.62581027	0.74098253	-32.957115	unknown
2	2	13	0.13709502	0.13299502	0.19125558	0.2289465	-87.141045	unknown
2	1	13	0.12041571	0.11981571	0.18452321	0.21848233	-99.439514	unknown
2	2	1	0.34506565	0.34096566	0.49033102	0.58696103	-46.679832	unknown
2	1	1	0.46229511	0.4616951	0.7110375	0.8418948	-20.117142	unknown
