assay.run.id	plate.order	well	response	bkgrnd.sub	norm	norm.pos	p.enhance	type	reps	trgt	smplid
8	5	384	0	0	0	0	-122.11993	4	2	1	0
8	5	383	0	0	0	0	-122.11993	4	1	1	0
8	5	382	0.059699997	0.059699997	0.10829392	0.10479338	-109.32256	3	2	1	0
8	5	381	0.14668	0.14668	0.2660729	0.25747222	-90.67744	3	1	1	0
8	5	380	0.52275	0.52274996	0.948252	0.9176003	-10.062648	2	2	1	0
8	5	379	0.58305	0.58305	1.0576344	1.0234468	2.8633265	2	1	1	0
8	5	378	0.55872	0.55872	1.0135005	0.9807396	-2.3520775	2	2	1	0
8	5	377	0.61425	0.61425	1.1142302	1.0782132	9.551398	2	1	1	0
8	5	376	0.036014333	0.036014333	0.065328866	0.06321715	-114.39985	1	2	1	3728
8	5	375	0.08784069	0.087840684	0.15934025	0.15418965	-103.2903	1	1	1	3636
8	5	374	0.18835214	0.18835215	0.34166485	0.33062074	-81.744545	1	2	1	3727
8	5	373	0.37111753	0.37111756	0.67319554	0.65143484	-42.56675	1	1	1	3635
8	5	372	0.39415327	0.39415327	0.7149816	0.6918702	-37.628784	1	2	1	3726
8	5	371	0.07952948	0.07952947	0.14426397	0.13960071	-105.0719	1	1	1	3634
8	5	370	0.24991244	0.24991243	0.4533333	0.43867952	-68.548416	1	2	1	3725
8	5	369	0.19308366	0.19308366	0.35024768	0.3389261	-80.73029	1	1	1	3633
8	5	352	0.07830795	0.07830795	0.14204815	0.13745652	-105.33375	1	2	1	3724
8	5	351	0.25839806	0.25839803	0.46872592	0.4535746	-66.72943	1	1	1	3632
8	5	350	0.20603046	0.20603046	0.37373278	0.36165208	-77.955	1	2	1	3723
8	5	349	0.33848017	0.3384802	0.6139924	0.5941454	-49.56293	1	1	1	3631
8	5	348	0.16158572	0.16158572	0.2931114	0.28363675	-87.48223	1	2	1	3722
8	5	347	0.07725378	0.07725378	0.14013593	0.13560611	-105.559715	1	1	1	3630
8	5	346	0.0995249	0.09952491	0.18053505	0.17469934	-100.78565	1	2	1	3721
8	5	345	0.073599115	0.073599115	0.13350648	0.12919095	-106.34313	1	1	1	3629
8	5	344	0.019234471	0.019234471	0.034890726	0.033762902	-117.9968	1	2	1	3720
8	5	343	0.17967859	0.17967859	0.3259313	0.31539574	-83.60382	1	1	1	3628
8	5	342	0.25440907	0.25440907	0.46149004	0.44657263	-67.58451	1	2	1	3719
8	5	341	0.20791057	0.20791055	0.3771432	0.36495227	-77.55198	1	1	1	3627
8	5	340	0.19524285	0.19524285	0.3541644	0.34271622	-80.26745	1	2	1	3718
8	5	339	0.32178187	0.32178187	0.5837022	0.5648343	-53.1424	1	1	1	3626
8	5	338	0.04478328	0.04478328	0.08123546	0.07860956	-112.52013	1	2	1	3717
8	5	337	0.04745684	0.047456834	0.08608521	0.08330255	-111.94702	1	1	1	3625
8	5	320	0.25414237	0.25414237	0.46100625	0.44610447	-67.64168	1	2	1	3716
8	5	319	0.08785066	0.08785067	0.15935834	0.15420717	-103.288155	1	1	1	3624
8	5	318	0.041433763	0.041433763	0.07515954	0.07273005	-113.23814	1	2	1	3715
8	5	317	0.016654402	0.016654404	0.030210562	0.029234022	-118.549866	1	1	1	3623
8	5	316	0.037799325	0.037799325	0.068566784	0.0663504	-114.01722	1	2	1	3714
8	5	315	0.082196	0.082196	0.14910094	0.14428134	-104.5003	1	1	1	3622
8	5	314	0.015108217	0.015108217	0.027405828	0.02651995	-118.88131	1	2	1	3713
8	5	313	0.07949777	0.07949777	0.14420645	0.13954505	-105.07869	1	1	1	3621
8	5	312	0.15245634	0.15245634	0.276551	0.26761165	-89.43921	1	2	1	3712
8	5	311	0.13055071	0.13055071	0.23681489	0.22915998	-94.134926	1	1	1	3620
8	5	310	0.078281	0.078281	0.14199927	0.13740923	-105.33952	1	2	1	3711
8	5	309	0.3085878	0.30858776	0.5597685	0.5416743	-55.970703	1	1	1	3619
8	5	308	0.07257669	0.07257669	0.13165182	0.12739626	-106.5623	1	2	1	3710
8	5	307	0.06373671	0.06373671	0.11561638	0.11187914	-108.45725	1	1	1	3618
8	5	306	0.342124	0.342124	0.62060213	0.60054153	-48.78184	1	2	1	3709
8	5	305	0.018598689	0.018598689	0.033737436	0.03264689	-118.13309	1	1	1	3617
8	5	288	0.074004725	0.074004725	0.13424224	0.12990293	-106.25619	1	2	1	3708
8	5	287	0.5512775	0.5512775	1	0.9676755	-3.947461	1	1	1	3616
8	5	286	0.08152524	0.08152523	0.1478842	0.14310393	-104.64408	1	2	1	3707
8	5	285	0.12826402	0.12826402	0.2326669	0.22514606	-94.62511	1	1	1	3615
8	5	284	0.18399152	0.18399152	0.33375484	0.3229664	-82.67929	1	2	1	3706
8	5	283	0.12371118	0.12371118	0.22440818	0.21715431	-95.60106	1	1	1	3614
8	5	282	0.14399889	0.14399888	0.26120943	0.25276598	-91.25216	1	2	1	3705
8	5	281	0.25114846	0.25114846	0.45557538	0.44084916	-68.283455	1	1	1	3613
8	5	280	0.2454627	0.2454627	0.4452616	0.43086877	-69.502266	1	2	1	3704
8	5	279	0.2007873	0.20078732	0.36422187	0.35244858	-79.078926	1	1	1	3612
8	5	278	0.31537163	0.31537166	0.57207423	0.55358225	-54.516502	1	2	1	3703
8	5	277	0.31885278	0.3188528	0.5783889	0.5596928	-53.77028	1	1	1	3611
8	5	276	0.19299313	0.19299313	0.35008347	0.3387672	-80.7497	1	2	1	3702
8	5	275	0.30678493	0.3067849	0.55649817	0.53850967	-56.357166	1	1	1	3610
8	5	274	0.13218229	0.13218229	0.2397745	0.23202392	-93.78518	1	2	1	3701
8	5	273	0.3098163	0.3098163	0.561997	0.54383075	-55.70735	1	1	1	3609
8	5	256	0.024830725	0.024830725	0.04504215	0.043586187	-116.79718	1	2	1	3700
8	5	255	0.014617191	0.014617191	0.026515124	0.025658036	-118.986565	1	1	1	3608
8	5	254	0.042631738	0.042631738	0.07733263	0.074832894	-112.98134	1	2	1	3699
8	5	253	0.13926539	0.13926539	0.25262302	0.24445713	-92.26684	1	1	1	3607
8	5	252	0.098128006	0.098128006	0.17800112	0.17224734	-101.08509	1	2	1	3698
8	5	251	0.14785525	0.14785525	0.26820478	0.2595352	-90.42551	1	1	1	3606
8	5	250	0.24705987	0.24705987	0.44815883	0.4336723	-69.15989	1	2	1	3697
8	5	249	0.18331653	0.18331653	0.3325304	0.32178155	-82.82398	1	1	1	3605
8	5	248	0.2830372	0.28303722	0.5134206	0.49682453	-61.44775	1	2	1	3696
8	5	247	0.0687615	0.0687615	0.12473118	0.120699316	-107.380135	1	1	1	3604
8	5	246	0.20729798	0.20729797	0.376032	0.36387697	-77.6833	1	2	1	3695
8	5	245	0.32562357	0.32562357	0.5906709	0.5715777	-52.318893	1	1	1	3603
8	5	244	0.095585346	0.095585346	0.17338881	0.16778411	-101.63014	1	2	1	3694
8	5	243	0.11836526	0.11836526	0.21471085	0.20777044	-96.74702	1	1	1	3602
8	5	242	0.28493145	0.28493145	0.5168567	0.50014955	-61.0417	1	2	1	3693
8	5	241	0.15046315	0.15046315	0.27293542	0.26411292	-89.86648	1	1	1	3601
8	5	224	0.34112453	0.34112456	0.6187892	0.5987872	-48.996082	1	2	1	3692
8	5	223	0.09388773	0.093887724	0.17030938	0.16480422	-101.99404	1	1	1	3600
8	5	222	0.5046722	0.5046722	0.9154595	0.8858678	-13.937817	1	2	1	3691
8	5	221	0.053133823	0.053133823	0.09638308	0.09326755	-110.730095	1	1	1	3599
8	5	220	0.513096	0.51309603	0.93074	0.9006543	-12.132087	1	2	1	3690
8	5	219	0.23852593	0.23852593	0.43267852	0.4186924	-70.989235	1	1	1	3598
8	5	218	0.08521928	0.08521928	0.1545851	0.14958821	-103.85223	1	2	1	3689
8	5	217	0.19280013	0.19280013	0.34973338	0.33842844	-80.79107	1	1	1	3597
8	5	216	0.41451615	0.41451615	0.75191927	0.72761387	-33.263775	1	2	1	3688
8	5	215	0.27882335	0.27882335	0.50577676	0.4894278	-62.351036	1	1	1	3596
8	5	214	0.1594814	0.15948139	0.28929424	0.27994296	-87.93331	1	2	1	3687
8	5	213	0.13563624	0.13563624	0.24603987	0.23808676	-93.044785	1	1	1	3595
8	5	212	0.08148857	0.08148857	0.1478177	0.14303957	-104.65194	1	2	1	3686
8	5	211	0.062344894	0.062344894	0.11309167	0.10943604	-108.7556	1	1	1	3594
8	5	210	0.2285381	0.2285381	0.41456088	0.40116045	-73.13024	1	2	1	3685
8	5	209	0.106100485	0.106100485	0.19246295	0.18624169	-99.37611	1	1	1	3593
8	5	192	0.13426358	0.13426358	0.2435499	0.23567727	-93.339035	1	2	1	3684
8	5	191	0.22197714	0.22197714	0.40265954	0.3896438	-74.53665	1	1	1	3592
8	5	190	0.16776308	0.16776308	0.30431694	0.29448006	-86.15804	1	2	1	3683
8	5	189	0.23153034	0.23153034	0.41998875	0.40641284	-72.48882	1	1	1	3591
8	5	188	0.25306168	0.25306168	0.45904595	0.44420752	-67.87334	1	2	1	3682
8	5	187	0.42093128	0.42093125	0.76355606	0.7388745	-31.888624	1	1	1	3590
8	5	186	0.23764229	0.23764229	0.43107563	0.41714135	-71.17866	1	2	1	3681
8	5	185	0.077449046	0.077449046	0.14049013	0.13594887	-105.51786	1	1	1	3589
8	5	184	0.022972113	0.022972113	0.041670687	0.040323704	-117.195595	1	2	1	3680
8	5	183	0.15759754	0.15759754	0.285877	0.27663615	-88.337135	1	1	1	3588
8	5	182	0.15312907	0.15312909	0.27777132	0.2687925	-89.295006	1	2	1	3679
8	5	181	0.20547223	0.20547223	0.37272018	0.36067218	-78.07466	1	1	1	3587
8	5	180	0.17515391	0.17515393	0.3177237	0.30745345	-84.57373	1	2	1	3678
8	5	179	0.104785085	0.104785085	0.19007684	0.1839327	-99.65807	1	1	1	3586
8	5	178	0.13936913	0.13936913	0.25281122	0.24463923	-92.2446	1	2	1	3677
8	5	177	0.0916211	0.0916211	0.16619779	0.16082554	-102.47992	1	1	1	3585
8	5	160	0.33066595	0.33066595	0.5998176	0.5804288	-51.238003	1	2	1	3676
8	5	159	0.07038234	0.07038234	0.12767135	0.12354444	-107.032684	1	1	1	3584
8	5	158	0.12642479	0.12642479	0.22933058	0.22191758	-95.01936	1	2	1	3675
8	5	157	0.20381588	0.20381588	0.3697156	0.35776475	-78.42972	1	1	1	3583
8	5	156	0.32093894	0.32093897	0.58217317	0.56335473	-53.323086	1	2	1	3674
8	5	155	0.07978206	0.07978206	0.14472215	0.14004408	-105.01775	1	1	1	3582
8	5	154	0.09099097	0.09099097	0.16505475	0.15971944	-102.615	1	2	1	3673
8	5	153	0.24250087	0.24250087	0.43988895	0.4256698	-70.13716	1	1	1	3581
8	5	152	0.1535461	0.15354611	0.2785278	0.26952454	-89.20561	1	2	1	3672
8	5	151	0.2378439	0.2378439	0.43144137	0.41749525	-71.13544	1	1	1	3580
8	5	150	0.18032852	0.1803285	0.32711023	0.31653658	-83.4645	1	2	1	3671
8	5	149	0.16395071	0.1639507	0.2974014	0.28778806	-86.975266	1	1	1	3579
8	5	148	0.10848488	0.10848487	0.19678815	0.19042708	-98.86498	1	2	1	3670
8	5	147	0.2896468	0.2896468	0.5254102	0.50842655	-60.03091	1	1	1	3578
8	5	146	0.22053027	0.22053027	0.40003496	0.38710403	-74.84681	1	2	1	3669
8	5	145	0.25646472	0.25646472	0.46521893	0.45018098	-67.14386	1	1	1	3577
8	5	128	0.2611748	0.2611748	0.47376287	0.45844874	-66.1342	1	2	1	3668
8	5	127	0.20308393	0.20308393	0.36838785	0.3564799	-78.586624	1	1	1	3576
8	5	126	0.13925545	0.13925545	0.252605	0.24443968	-92.26897	1	2	1	3667
8	5	125	0.43193537	0.4319354	0.7835172	0.7581904	-29.529768	1	1	1	3575
8	5	124	0.2635783	0.26357827	0.4781227	0.46266764	-65.61899	1	2	1	3666
8	5	123	0.04279774	0.04279774	0.07763375	0.075124286	-112.945755	1	1	1	3574
8	5	122	0.26963156	0.26963156	0.48910317	0.47329316	-64.321396	1	2	1	3665
8	5	121	0.0076213456	0.0076213456	0.013824881	0.013377999	-120.486206	1	1	1	3573
8	5	120	0.2468327	0.2468327	0.44774675	0.43327355	-69.20859	1	2	1	3664
8	5	119	0.17507102	0.17507102	0.3175733	0.30730793	-84.59151	1	1	1	3572
8	5	118	0.12244712	0.12244712	0.22211522	0.21493547	-95.872025	1	2	1	3663
8	5	117	0.02682843	0.02682843	0.04866593	0.04709283	-116.36895	1	1	1	3571
8	5	116	0.07877102	0.07877102	0.14288814	0.13826936	-105.23448	1	2	1	3662
8	5	115	0.1299568	0.1299568	0.23573753	0.22811745	-94.26224	1	1	1	3570
8	5	114	0.30647326	0.30647328	0.5559329	0.5379626	-56.42397	1	2	1	3661
8	5	113	0.41994092	0.41994092	0.7617596	0.7371361	-32.100918	1	1	1	3569
8	5	96	0.18620816	0.18620816	0.33777574	0.32685733	-82.20413	1	2	1	3660
8	5	95	0.13191606	0.13191606	0.23929158	0.23155661	-93.84225	1	1	1	3568
8	5	94	0.41599125	0.41599125	0.75459504	0.73020315	-32.94757	1	2	1	3659
8	5	93	0.1203582	0.12035821	0.21832599	0.21126872	-96.3198	1	1	1	3567
8	5	92	0.5096531	0.5096531	0.9244946	0.8946108	-12.870117	1	2	1	3658
8	5	91	0.0077151903	0.0077151903	0.013995112	0.013542728	-120.46609	1	1	1	3566
8	5	90	0.16241664	0.16241664	0.29461867	0.28509527	-87.30411	1	2	1	3657
8	5	89	0.12294799	0.12294799	0.22302379	0.21581466	-95.764656	1	1	1	3565
8	5	88	0.24821614	0.24821614	0.45025626	0.43570197	-68.91203	1	2	1	3656
8	5	87	0.4434568	0.4434568	0.80441666	0.7784143	-27.060026	1	1	1	3564
8	5	86	0.3534013	0.35340133	0.64105886	0.62033695	-46.364418	1	2	1	3655
8	5	85	0.1887448	0.1887448	0.34237713	0.33130997	-81.66038	1	1	1	3563
8	5	84	0.045394942	0.04539494	0.082344994	0.07968324	-112.389015	1	2	1	3654
8	5	83	0.0458775	0.0458775	0.08322034	0.080530286	-112.28557	1	1	1	3562
8	5	82	0.12739268	0.12739268	0.23108631	0.22361657	-94.81189	1	2	1	3653
8	5	81	0.19076179	0.19076179	0.34603587	0.33485046	-81.22801	1	1	1	3561
8	5	64	0.042552076	0.042552076	0.07718813	0.07469306	-112.99841	1	2	1	3652
8	5	63	0.18959361	0.18959361	0.34391683	0.3327999	-81.478424	1	1	1	3560
8	5	62	0.14106685	0.14106685	0.25589082	0.24761929	-91.88068	1	2	1	3651
8	5	61	0.3672099	0.36720994	0.66610724	0.64457566	-43.404392	1	1	1	3559
8	5	60	0.13930753	0.13930753	0.25269946	0.24453108	-92.257805	1	2	1	3650
8	5	59	0.032948427	0.032948427	0.05976741	0.057835463	-115.05706	1	1	1	3558
8	5	58	0.26472855	0.26472855	0.48020923	0.46468675	-65.37241	1	2	1	3649
8	5	57	0.089907795	0.089907795	0.1630899	0.15781811	-102.84719	1	1	1	3557
8	5	56	0.17303714	0.17303716	0.31388393	0.30373782	-85.02749	1	2	1	3648
8	5	55	0.084100895	0.084100895	0.15255637	0.14762507	-104.091965	1	1	1	3556
8	5	54	0.2334722	0.2334722	0.4235112	0.40982145	-72.07256	1	2	1	3647
8	5	53	0.09794298	0.09794298	0.17766549	0.17192255	-101.124756	1	1	1	3555
8	5	52	0.33607572	0.33607572	0.60963076	0.5899248	-50.078354	1	2	1	3646
8	5	51	0.08819269	0.088192694	0.15997876	0.15480754	-103.214836	1	1	1	3554
8	5	50	0.29895988	0.29895988	0.5423038	0.52477413	-58.034546	1	2	1	3645
8	5	49	0.33629936	0.3362994	0.6100365	0.59031737	-50.03041	1	1	1	3553
8	5	32	0.308178	0.308178	0.5590252	0.540955	-56.05854	1	2	1	3644
8	5	31	0.101141855	0.101141855	0.18346815	0.17753763	-100.43904	1	1	1	3552
8	5	30	0.14820443	0.14820443	0.26883817	0.2601481	-90.350655	1	2	1	3643
8	5	29	0.3923666	0.3923666	0.7117406	0.688734	-38.011784	1	1	1	3551
8	5	28	0.0779556	0.0779556	0.14140901	0.13683805	-105.40927	1	2	1	3642
8	5	27	0.14927012	0.14927012	0.27077127	0.26201874	-90.122215	1	1	1	3550
8	5	26	0.08606908	0.086069085	0.1561266	0.1510799	-103.67006	1	2	1	3641
8	5	25	0.12371953	0.123719536	0.22442333	0.21716897	-95.599266	1	1	1	3549
8	5	24	0.084902614	0.084902614	0.15401067	0.14903235	-103.920105	1	2	1	3640
8	5	23	0.029600315	0.029600313	0.053694036	0.051958404	-115.774765	1	1	1	3548
8	5	22	0.18931559	0.18931559	0.34341252	0.3323119	-81.538025	1	2	1	3639
8	5	21	0.30025122	0.30025122	0.54464626	0.52704084	-57.757736	1	1	1	3547
8	5	20	0.117053896	0.117053896	0.21233208	0.20546857	-97.02812	1	2	1	3638
8	5	19	0.010289818	0.010289818	0.018665405	0.018062057	-119.914185	1	1	1	3546
8	5	18	0.20347679	0.20347679	0.36910048	0.35716948	-78.50241	1	2	1	3637
8	5	17	0.07686134	0.07686133	0.13942404	0.13491723	-105.643845	1	1	1	3545
8	4	384	0	0	0	0	-112.962	4	2	1	0
8	4	383	0	0	0	0	-112.962	4	1	1	0
8	4	382	0.003075	0.0030750001	0.005366344	0.005570879	-112.3327	3	2	1	0
8	4	381	0.123600006	0.1236	0.21570085	0.22392218	-87.6673	3	1	1	0
8	4	380	0.5252	0.5252	0.9165541	0.9514881	-5.480004	2	2	1	0
8	4	379	0.63716996	0.63716996	1.1119587	1.1543405	17.434612	2	1	1	0
8	4	378	0.54054	0.54054004	0.94332474	0.97927904	-2.3406782	2	2	1	0
8	4	377	0.505	0.505	0.881302	0.9148924	-9.61393	2	1	1	0
8	4	376	0.23419993	0.23419993	0.40871456	0.42429253	-65.033066	1	2	1	3544
8	4	375	0.14641806	0.14641806	0.25552183	0.26526093	-82.99759	1	1	1	3452
8	4	374	0.19441658	0.19441658	0.33928657	0.3522183	-73.17471	1	2	1	3543
8	4	373	0.379877	0.379877	0.6629433	0.688211	-35.220306	1	1	1	3451
8	4	372	0.24198408	0.24198408	0.42229912	0.43839484	-63.44004	1	2	1	3542
8	4	371	0.19632041	0.1963204	0.34260905	0.3556674	-72.785095	1	1	1	3450
8	4	370	0.32300368	0.32300368	0.56369066	0.58517545	-46.85941	1	2	1	3541
8	4	369	0.19845524	0.19845524	0.34633467	0.35953504	-72.348206	1	1	1	3449
8	4	352	0.15698665	0.15698665	0.27396566	0.2844077	-80.83473	1	2	1	3540
8	4	351	0.06680758	0.06680759	0.11658943	0.12103317	-99.28985	1	1	1	3448
8	4	350	0.07119362	0.07119362	0.12424373	0.12897922	-98.39225	1	2	1	3539
8	4	349	0.21365333	0.21365333	0.37285763	0.3870689	-69.23792	1	1	1	3447
8	4	348	0.065844655	0.06584466	0.11490897	0.11928867	-99.48691	1	2	1	3538
8	4	347	0.13553196	0.13553196	0.23652394	0.24553892	-85.22543	1	1	1	3446
8	4	346	0.2886021	0.2886021	0.50365466	0.5228512	-53.899677	1	2	1	3537
8	4	345	0.077945754	0.077945754	0.13602723	0.14121184	-97.01043	1	1	1	3445
8	4	344	0.06601979	0.066019796	0.1152146	0.11960595	-99.45107	1	2	1	3536
8	4	343	0.10208796	0.10208797	0.17815906	0.1849495	-92.06973	1	1	1	3444
8	4	342	0.3271436	0.3271436	0.5709155	0.5926756	-46.012173	1	2	1	3535
8	4	341	0.20212838	0.20212837	0.35274482	0.3661895	-71.5965	1	1	1	3443
8	4	340	0.31578013	0.31578013	0.55108446	0.5720888	-48.337708	1	2	1	3534
8	4	339	0.121189326	0.12118932	0.21149385	0.21955483	-88.160645	1	1	1	3442
8	4	338	0.08709861	0.087098606	0.15200035	0.15779378	-95.1373	1	2	1	3533
8	4	337	0.08351045	0.08351045	0.14573847	0.15129322	-95.87161	1	1	1	3441
8	4	320	0.02999789	0.02999789	0.052350894	0.05434622	-106.82294	1	2	1	3532
8	4	319	0.36999834	0.36999834	0.6457035	0.67031413	-37.24197	1	1	1	3440
8	4	318	0.037496787	0.037496787	0.06543761	0.06793173	-105.28829	1	2	1	3531
8	4	317	0.15777466	0.15777466	0.27534083	0.2858353	-80.67347	1	1	1	3439
8	4	316	0.12091011	0.12091011	0.21100657	0.21904898	-88.21779	1	2	1	3530
8	4	315	0.26849806	0.26849806	0.46857005	0.48642936	-58.013966	1	1	1	3438
8	4	314	0.12694979	0.12694979	0.22154672	0.22999085	-86.98177	1	2	1	3529
8	4	313	0.33103815	0.33103815	0.57771206	0.5997312	-45.21516	1	1	1	3437
8	4	312	0.08406164	0.08406163	0.14670037	0.15229177	-95.75881	1	2	1	3528
8	4	311	0.15898427	0.15898427	0.27745178	0.28802672	-80.42593	1	1	1	3436
8	4	310	0.04076707	0.04076707	0.07114475	0.0738564	-104.61903	1	2	1	3527
8	4	309	0.20063809	0.2006381	0.35014406	0.36348963	-71.90148	1	1	1	3435
8	4	308	0.24593231	0.24593231	0.42918938	0.44554773	-62.63204	1	2	1	3526
8	4	307	0.12257878	0.12257878	0.21391866	0.22207205	-87.8763	1	1	1	3434
8	4	306	0.09653166	0.09653165	0.16846246	0.17488332	-93.206825	1	2	1	3525
8	4	305	0.26855534	0.2685553	0.46866998	0.4865331	-58.002247	1	1	1	3433
8	4	288	0.16011229	0.16011229	0.27942035	0.2900703	-80.195076	1	2	1	3524
8	4	287	0.13374934	0.13374934	0.23341298	0.24230939	-85.59024	1	1	1	3432
8	4	286	0.17797652	0.17797653	0.31059617	0.3224344	-76.53916	1	2	1	3523
8	4	285	0.19459194	0.19459194	0.33959258	0.352536	-73.138824	1	1	1	3431
8	4	284	0.19918339	0.19918339	0.34760538	0.36085418	-72.19919	1	2	1	3522
8	4	283	0.1183154	0.1183154	0.2064784	0.21434823	-88.748795	1	1	1	3430
8	4	282	0.34563357	0.34563357	0.60318327	0.62617326	-42.228214	1	2	1	3521
8	4	281	0.2146264	0.2146264	0.3745558	0.3888318	-69.03878	1	1	1	3429
8	4	280	0.23971963	0.23971963	0.4183473	0.4342924	-63.90346	1	2	1	3520
8	4	279	0.03976446	0.03976446	0.06939504	0.07204	-104.82421	1	1	1	3428
8	4	278	0.42571056	0.4257106	0.7429299	0.77124625	-25.84048	1	2	1	3519
8	4	277	0.21904035	0.21904035	0.3822588	0.3968284	-68.13547	1	1	1	3427
8	4	276	0.036134623	0.036134623	0.063060425	0.065463945	-105.56706	1	2	1	3518
8	4	275	0.284278	0.284278	0.49610847	0.5150174	-54.784607	1	1	1	3426
8	4	274	0.13240129	0.13240129	0.23106043	0.23986718	-85.86612	1	2	1	3517
8	4	273	0.18473089	0.18473089	0.32238355	0.33467105	-75.15689	1	1	1	3425
8	4	256	0.0691357	0.0691357	0.12065234	0.12525095	-98.8134	1	2	1	3516
8	4	255	0.10374142	0.103741415	0.1810446	0.18794501	-91.73135	1	1	1	3424
8	4	254	0.10385185	0.10385185	0.18123731	0.18814507	-91.708755	1	2	1	3515
8	4	253	0.11769839	0.11769839	0.20540163	0.2132304	-88.87506	1	1	1	3423
8	4	252	0.096595354	0.096595354	0.16857362	0.17499872	-93.193794	1	2	1	3514
8	4	251	0.15427147	0.15427147	0.26922724	0.27948868	-81.390396	1	1	1	3422
8	4	250	0.07163111	0.07163111	0.12500721	0.1297718	-98.30272	1	2	1	3513
8	4	249	0.09765543	0.09765542	0.17042361	0.17691922	-92.97685	1	1	1	3421
8	4	248	0.13119376	0.13119376	0.22895311	0.23767954	-86.11324	1	2	1	3512
8	4	247	0.18559483	0.18559481	0.32389125	0.3362362	-74.98009	1	1	1	3420
8	4	246	0.13308345	0.13308345	0.2322509	0.24110302	-85.72652	1	2	1	3511
8	4	245	0.2785585	0.2785585	0.48612705	0.50465554	-55.9551	1	1	1	3419
8	4	244	0.42864284	0.42864284	0.7480471	0.7765585	-25.240395	1	2	1	3510
8	4	243	0.09512955	0.09512955	0.16601557	0.17234316	-93.49377	1	1	1	3418
8	4	242	0.19735166	0.19735168	0.34440875	0.35753572	-72.57405	1	2	1	3509
8	4	241	0.07986416	0.07986415	0.13937512	0.14468734	-96.61783	1	1	1	3417
8	4	224	0.18993571	0.18993573	0.3314668	0.34410048	-74.09172	1	2	1	3508
8	4	223	0.36007786	0.36007786	0.6283907	0.65234154	-39.272194	1	1	1	3416
8	4	222	0.17848058	0.17848058	0.3114758	0.32334757	-76.43601	1	2	1	3507
8	4	221	0.11099858	0.11099858	0.19370945	0.20109257	-90.24618	1	1	1	3415
8	4	220	0.16821028	0.16821028	0.29355258	0.3047412	-78.53783	1	2	1	3506
8	4	219	0.19109781	0.19109781	0.3334948	0.3462058	-73.8539	1	1	1	3414
8	4	218	0.44483745	0.44483745	0.77630913	0.8058978	-21.926176	1	2	1	3505
8	4	217	0.19750482	0.19750482	0.34467602	0.35781318	-72.5427	1	1	1	3413
8	4	216	0.10355258	0.10355257	0.18071504	0.18760289	-91.77	1	2	1	3504
8	4	215	0.019172527	0.019172525	0.03345898	0.034734253	-109.038345	1	1	1	3412
8	4	214	0.1836767	0.1836767	0.32054386	0.33276123	-75.37263	1	2	1	3503
8	4	213	0.10950363	0.10950363	0.19110052	0.19838421	-90.55212	1	1	1	3411
8	4	212	0.05473184	0.05473184	0.09551541	0.099155925	-101.76115	1	2	1	3502
8	4	211	0.0948506	0.0948506	0.16552874	0.17183779	-93.55086	1	1	1	3410
8	4	210	0.030555237	0.030555237	0.05332355	0.055355947	-106.70888	1	2	1	3501
8	4	209	0.097339034	0.09733904	0.16987146	0.17634602	-93.041595	1	1	1	3409
8	4	192	0.37373614	0.37373617	0.65222657	0.6770859	-36.477028	1	2	1	3500
8	4	191	0.1902387	0.1902387	0.33199555	0.34464937	-74.02972	1	1	1	3408
8	4	190	0.40769538	0.40769538	0.7114906	0.7386087	-29.527283	1	2	1	3499
8	4	189	0.12825663	0.12825663	0.22382739	0.23235846	-86.714325	1	1	1	3407
8	4	188	0.054677803	0.054677803	0.095421106	0.09905803	-101.7722	1	2	1	3498
8	4	187	0.09648171	0.09648171	0.1683753	0.17479284	-93.21705	1	1	1	3406
8	4	186	0.10666763	0.10666763	0.18615128	0.19324633	-91.13251	1	2	1	3497
8	4	185	0.49398804	0.49398804	0.8620844	0.89494234	-11.867526	1	1	1	3405
8	4	184	0.09149942	0.09149941	0.15968043	0.16576657	-94.23667	1	2	1	3496
8	4	183	0.22787288	0.22787288	0.3976729	0.41283	-66.327896	1	1	1	3404
8	4	182	0.17515242	0.17515242	0.30566767	0.31731805	-77.11712	1	2	1	3495
8	4	181	0.1073046	0.10730461	0.1872629	0.19440033	-91.00215	1	1	1	3403
8	4	180	0.14386034	0.14386034	0.25105822	0.26062718	-83.521034	1	2	1	3494
8	4	179	0.061452717	0.061452717	0.107244365	0.111331925	-100.38572	1	1	1	3402
8	4	178	0.27052897	0.27052897	0.4721143	0.4901087	-57.59834	1	2	1	3493
8	4	177	0.35833573	0.35833573	0.62535053	0.6491854	-39.628716	1	1	1	3401
8	4	160	0.5730158	0.5730158	1	1.0381144	4.3054886	1	2	1	3492
8	4	159	0.15995333	0.15995333	0.27914292	0.28978232	-80.22761	1	1	1	3400
8	4	158	0.2893877	0.28938767	0.5050256	0.5242744	-53.73891	1	2	1	3491
8	4	157	0.28687227	0.28687224	0.5006358	0.5197173	-54.253693	1	1	1	3399
8	4	156	0.104836285	0.104836285	0.1829553	0.18992855	-91.507286	1	2	1	3490
8	4	155	0.08313428	0.08313428	0.14508198	0.15061171	-95.9486	1	1	1	3398
8	4	154	0.15245543	0.15245543	0.26605797	0.27619863	-81.76205	1	2	1	3489
8	4	153	0.1201896	0.1201896	0.20974918	0.21774365	-88.36524	1	1	1	3397
8	4	152	0.06281853	0.06281853	0.10962791	0.11380632	-100.10621	1	2	1	3488
8	4	151	0.38731277	0.38731274	0.67591983	0.70168215	-33.69858	1	1	1	3396
8	4	150	0.05993646	0.05993646	0.10459826	0.10858497	-100.69602	1	2	1	3487
8	4	149	0.176208	0.176208	0.30750984	0.3192304	-76.90109	1	1	1	3395
8	4	148	0.15297598	0.15297598	0.2669664	0.2771417	-81.65552	1	2	1	3486
8	4	147	0.19787052	0.19787051	0.3453142	0.3584757	-72.467865	1	1	1	3394
8	4	146	0.49715653	0.49715653	0.867614	0.9006826	-11.219091	1	2	1	3485
8	4	145	0.058888502	0.058888502	0.10276941	0.10668642	-100.910484	1	1	1	3393
8	4	128	0.1830141	0.1830141	0.3193875	0.33156076	-75.50823	1	2	1	3484
8	4	127	0.06837337	0.06837337	0.11932196	0.12386985	-98.96941	1	1	1	3392
8	4	126	0.16867249	0.16867249	0.2943592	0.30557856	-78.44323	1	2	1	3483
8	4	125	0.24527502	0.24527504	0.42804232	0.44435692	-62.766552	1	1	1	3391
8	4	124	0.2347323	0.2347323	0.40964365	0.425257	-64.92412	1	2	1	3482
8	4	123	0.23186049	0.23186049	0.4046319	0.42005423	-65.51183	1	1	1	3390
8	4	122	0.11999813	0.11999813	0.20941502	0.21739677	-88.40443	1	2	1	3481
8	4	121	0.092052236	0.092052236	0.16064519	0.16676809	-94.12354	1	1	1	3389
8	4	120	0.07486637	0.07486636	0.13065322	0.135633	-97.640625	1	2	1	3480
8	4	119	0.23241729	0.2324173	0.40560362	0.42106298	-65.39788	1	1	1	3388
8	4	118	0.49184114	0.4918411	0.85833776	0.89105284	-12.306888	1	2	1	3479
8	4	117	0.05306781	0.05306781	0.09261142	0.09614126	-102.10169	1	1	1	3387
8	4	116	0.29148293	0.29148293	0.5086822	0.52807033	-53.31012	1	2	1	3478
8	4	115	0.085428625	0.08542862	0.14908597	0.1547683	-95.47906	1	1	1	3386
8	4	114	0.23267314	0.23267312	0.4060501	0.42152646	-65.34553	1	2	1	3477
8	4	113	0.07118098	0.07118098	0.12422166	0.1289563	-98.39484	1	1	1	3385
8	4	96	0.40397525	0.40397525	0.7049984	0.73186904	-30.288609	1	2	1	3476
8	4	95	0.22196077	0.22196077	0.3873554	0.40211922	-67.5378	1	1	1	3384
8	4	94	0.19620194	0.19620194	0.34240228	0.35545278	-72.80934	1	2	1	3475
8	4	93	0.099983744	0.099983744	0.17448688	0.18113735	-92.50036	1	1	1	3383
8	4	92	0.18537611	0.18537611	0.32350957	0.33584	-75.02484	1	2	1	3474
8	4	91	0.42772815	0.42772815	0.74645084	0.7749014	-25.427586	1	1	1	3382
8	4	90	0.01569667	0.01569667	0.027393084	0.028437156	-109.74968	1	2	1	3473
8	4	89	0.032282606	0.032282606	0.056338068	0.058485366	-106.35537	1	1	1	3381
8	4	88	0.24257761	0.24257763	0.42333493	0.4394701	-63.318573	1	2	1	3472
8	4	87	0.13546245	0.13546245	0.23640263	0.24541299	-85.239655	1	1	1	3380
8	4	86	0.05528248	0.05528248	0.09647635	0.1001535	-101.64846	1	2	1	3471
8	4	85	0.06611687	0.06611687	0.11538401	0.119781815	-99.431206	1	1	1	3379
8	4	84	0.096994	0.096994	0.16926932	0.17572093	-93.11221	1	2	1	3470
8	4	83	0.2749555	0.27495554	0.47983932	0.49812815	-56.692448	1	1	1	3378
8	4	82	0.43366203	0.43366203	0.7568064	0.7856516	-24.213219	1	2	1	3469
8	4	81	0.050417356	0.050417356	0.08798597	0.09133951	-102.644104	1	1	1	3377
8	4	64	0.07884461	0.07884461	0.13759585	0.14284025	-96.82648	1	2	1	3468
8	4	63	0.13646549	0.13646549	0.23815307	0.24723016	-85.034386	1	1	1	3376
8	4	62	0.053980872	0.053980876	0.09420486	0.09779543	-101.91483	1	2	1	3467
8	4	61	0.15312609	0.15312609	0.26722836	0.27741364	-81.624794	1	1	1	3375
8	4	60	0.26826882	0.26826882	0.46817002	0.48601407	-58.060875	1	2	1	3466
8	4	59	0.1655564	0.1655564	0.28892115	0.29993325	-79.08094	1	1	1	3374
8	4	58	0.019406348	0.019406348	0.03386704	0.035157863	-108.99049	1	2	1	3465
8	4	57	0.2564903	0.2564903	0.44761467	0.46467528	-60.471348	1	1	1	3373
8	4	56	0.15011702	0.15011702	0.2619771	0.27196223	-82.2406	1	2	1	3464
8	4	55	0.32287717	0.32287717	0.5634699	0.5849463	-46.8853	1	1	1	3372
8	4	54	0.23033595	0.23033595	0.40197137	0.4172923	-65.82383	1	2	1	3463
8	4	53	0.11544262	0.11544262	0.20146497	0.2091437	-89.33671	1	1	1	3371
8	4	52	0.058957756	0.058957756	0.102890275	0.10681188	-100.89632	1	2	1	3462
8	4	51	0.033796407	0.033796407	0.05897988	0.06122787	-106.04558	1	1	1	3370
8	4	50	0.05712656	0.057126556	0.09969455	0.10349436	-101.271065	1	2	1	3461
8	4	49	0.17283921	0.17283921	0.30163077	0.31312728	-77.590515	1	1	1	3369
8	4	32	0.067267634	0.067267634	0.11739228	0.12186662	-99.1957	1	2	1	3460
8	4	31	0.16404009	0.16404009	0.28627497	0.2971862	-79.39125	1	1	1	3368
8	4	30	0.09675399	0.09675399	0.16885047	0.17528611	-93.16132	1	2	1	3459
8	4	29	0.33027822	0.33027822	0.57638586	0.5983545	-45.370678	1	1	1	3367
8	4	28	0.10772002	0.10772002	0.18798785	0.19515291	-90.91714	1	2	1	3458
8	4	27	0.024182327	0.024182329	0.04220185	0.043810353	-108.01309	1	1	1	3366
8	4	26	0.16183537	0.16183537	0.28242737	0.29319197	-79.842445	1	2	1	3457
8	4	25	0.05436126	0.054361258	0.09486868	0.09848455	-101.83698	1	1	1	3365
8	4	24	0.11106852	0.11106851	0.19383149	0.20121928	-90.231865	1	2	1	3456
8	4	23	0.10511036	0.10511036	0.1834336	0.19042508	-91.4512	1	1	1	3364
8	4	22	0.17057818	0.17057818	0.29768494	0.30903104	-78.05323	1	2	1	3455
8	4	21	0.24118128	0.2411813	0.4208981	0.43694043	-63.604332	1	1	1	3363
8	4	20	0.16396706	0.16396706	0.2861475	0.29705387	-79.4062	1	2	1	3454
8	4	19	0.078119874	0.078119874	0.1363311	0.14152728	-96.97479	1	1	1	3362
8	4	18	0.123197794	0.123197794	0.21499893	0.22319351	-87.74961	1	2	1	3453
8	4	17	0.17520696	0.17520696	0.30576286	0.31741685	-77.10596	1	1	1	3361
8	3	384	0	0	0	0	-135.4311	4	2	1	0
8	3	383	0	0	0	0	-135.4311	4	1	1	0
8	3	382	0.194025	0.194025	0.30271947	0.3201026	-92.079254	3	2	1	0
8	3	381	0.123125	0.123125	0.19210069	0.20313174	-107.920746	3	1	1	0
8	3	380	0.66229	0.66229004	1.0333105	1.0926466	12.547238	2	2	1	0
8	3	379	0.530845	0.530845	0.82822895	0.8757885	-16.822096	2	1	1	0
8	3	378	0.5904	0.5904	0.92114717	0.9740425	-3.5154567	2	2	1	0
8	3	377	0.641	0.641	1.0000937	1.0575223	7.7903132	2	1	1	0
8	3	376	0.1608071	0.16080709	0.2508926	0.26529968	-99.501274	1	2	1	3360
8	3	375	0.19847518	0.1984752	0.3096627	0.32744455	-91.08492	1	1	1	3268
8	3	374	0.0874528	0.0874528	0.13644461	0.1442797	-115.89114	1	2	1	3359
8	3	373	0.042732	0.042732	0.066670835	0.07049929	-125.88331	1	1	1	3267
8	3	372	0.1645877	0.16458772	0.25679117	0.27153695	-98.656555	1	2	1	3358
8	3	371	0.19151527	0.19151528	0.29880378	0.31596208	-92.64001	1	1	1	3266
8	3	370	0.2181345	0.21813451	0.34033534	0.3598785	-86.69236	1	2	1	3357
8	3	369	0.117638394	0.11763839	0.18354043	0.19407992	-109.146645	1	1	1	3265
8	3	352	0.22895059	0.22895059	0.3572107	0.3777229	-84.27567	1	2	1	3356
8	3	351	0.3836112	0.3836112	0.59851354	0.6328821	-49.719177	1	1	1	3264
8	3	350	0.37496963	0.37496963	0.58503085	0.6186252	-51.650005	1	2	1	3355
8	3	349	0.053878516	0.05387852	0.08406173	0.088888824	-123.39279	1	1	1	3263
8	3	348	0.25754368	0.25754368	0.40182185	0.42489576	-77.887	1	2	1	3354
8	3	347	0.22312963	0.22312963	0.34812877	0.36811945	-85.57628	1	1	1	3262
8	3	346	0.07658391	0.07658391	0.11948687	0.1263482	-118.319626	1	2	1	3353
8	3	345	0.20530179	0.20530178	0.3203136	0.33870706	-89.55963	1	1	1	3261
8	3	344	0.16792497	0.16792497	0.26199797	0.27704275	-97.9109	1	2	1	3352
8	3	343	0.060360096	0.0603601	0.09417435	0.09958214	-121.94458	1	1	1	3260
8	3	342	0.031335548	0.031335548	0.048889995	0.051697418	-128.42966	1	2	1	3351
8	3	341	0.22163117	0.22163117	0.34579086	0.36564732	-85.91109	1	1	1	3259
8	3	340	0.13852759	0.13852759	0.21613194	0.22854294	-104.47928	1	2	1	3350
8	3	339	0.03362566	0.03362566	0.052463043	0.05547564	-127.91798	1	1	1	3258
8	3	338	0.5625149	0.5625149	0.8776406	0.9280376	-9.745948	1	2	1	3349
8	3	337	0.21264026	0.21264024	0.33176315	0.35081407	-87.91997	1	1	1	3257
8	3	320	0.20341074	0.20341074	0.3173632	0.33558723	-89.982155	1	2	1	3348
8	3	319	0.10527748	0.10527747	0.16425483	0.17368688	-111.9085	1	1	1	3256
8	3	318	0.18618643	0.18618643	0.29048967	0.30717054	-93.83066	1	2	1	3347
8	3	317	0.060556985	0.060556985	0.09448153	0.099906966	-121.90059	1	1	1	3255
8	3	316	0.15822133	0.15822132	0.24685828	0.26103368	-100.079025	1	2	1	3346
8	3	315	0.050819233	0.050819233	0.07928861	0.083841614	-124.07634	1	1	1	3254
8	3	314	0.05355615	0.05355615	0.08355877	0.08835699	-123.46482	1	2	1	3345
8	3	313	0.08139162	0.08139162	0.1269879	0.13427995	-117.24542	1	1	1	3253
8	3	312	0.078398466	0.078398466	0.122317955	0.12934186	-117.91419	1	2	1	3344
8	3	311	0.13358855	0.13358855	0.20842603	0.22039452	-105.58283	1	1	1	3252
8	3	310	0.1318006	0.1318006	0.20563644	0.21744476	-105.98232	1	2	1	3343
8	3	309	0.39435378	0.39435378	0.6152742	0.6506052	-47.31892	1	1	1	3251
8	3	308	0.18223003	0.18223003	0.28431687	0.30064327	-94.71465	1	2	1	3342
8	3	307	0.41487646	0.41487646	0.6472938	0.68446356	-42.73345	1	1	1	3250
8	3	306	0.23700437	0.23700438	0.36977628	0.39101005	-82.47618	1	2	1	3341
8	3	305	0.15107259	0.15107258	0.23570475	0.24923968	-101.6763	1	1	1	3249
8	3	288	0.0865017	0.0865017	0.1349607	0.14271058	-116.10365	1	2	1	3340
8	3	287	0.17253202	0.17253204	0.26918596	0.2846435	-96.88152	1	1	1	3248
8	3	286	0.123782754	0.123782754	0.19312692	0.2042169	-107.77378	1	2	1	3339
8	3	285	0.21912852	0.21912853	0.34188622	0.36151844	-86.47026	1	1	1	3247
8	3	284	0.057308838	0.057308838	0.08941375	0.09454817	-122.62634	1	2	1	3338
8	3	283	0.0482942	0.0482942	0.075349025	0.079675816	-124.64052	1	1	1	3246
8	3	282	0.16837431	0.16837431	0.26269907	0.2777841	-97.81049	1	2	1	3337
8	3	281	0.18294716	0.18294716	0.28543574	0.3018264	-94.55442	1	1	1	3245
8	3	280	0.27238774	0.27238774	0.4249817	0.44938555	-74.57032	1	2	1	3336
8	3	279	0.13260287	0.13260289	0.20688815	0.21876834	-105.80306	1	1	1	3244
8	3	278	0.1082885	0.10828849	0.16895264	0.17865445	-111.23573	1	2	1	3335
8	3	277	0.12800752	0.12800752	0.19971843	0.21118692	-106.82983	1	1	1	3243
8	3	276	0.069123596	0.0691236	0.107847236	0.11404018	-119.98652	1	2	1	3334
8	3	275	0.07369685	0.07369685	0.11498246	0.12158513	-118.96469	1	1	1	3242
8	3	274	0.11970596	0.11970596	0.18676627	0.197491	-108.68468	1	2	1	3333
8	3	273	0.562151	0.562151	0.8770729	0.92743725	-9.827252	1	1	1	3241
8	3	256	0.08754159	0.08754159	0.13658313	0.1444262	-115.87131	1	2	1	3332
8	3	255	0.07566729	0.07566729	0.11805676	0.12483597	-118.52443	1	1	1	3240
8	3	254	0.132231	0.13223101	0.20630796	0.21815483	-105.886154	1	2	1	3331
8	3	253	0.19561405	0.19561405	0.30519873	0.32272425	-91.724205	1	1	1	3239
8	3	252	0.111742444	0.111742444	0.17434153	0.18435279	-110.464005	1	2	1	3330
8	3	251	0.32974732	0.32974735	0.51447463	0.54401743	-61.75422	1	1	1	3238
8	3	250	0.14134267	0.14134267	0.22052406	0.23318726	-103.850296	1	2	1	3329
8	3	249	0.25441882	0.25441882	0.39694643	0.4197404	-78.5852	1	1	1	3237
8	3	248	0.09198039	0.09198039	0.1435086	0.15174933	-114.879524	1	2	1	3328
8	3	247	0.16048491	0.16048491	0.25038993	0.26476812	-99.573265	1	1	1	3236
8	3	246	0.045663144	0.045663144	0.07124403	0.0753351	-125.228386	1	2	1	3327
8	3	245	0.25057825	0.25057825	0.39095435	0.41340423	-79.44331	1	1	1	3235
8	3	244	0.20026262	0.20026262	0.31245148	0.33039346	-90.685555	1	2	1	3326
8	3	243	0.17715716	0.17715718	0.27640215	0.29227406	-95.84811	1	1	1	3234
8	3	242	0.09510067	0.09510067	0.1483769	0.15689717	-114.18234	1	2	1	3325
8	3	241	0.30513012	0.30513012	0.47606665	0.50340396	-67.25455	1	1	1	3233
8	3	224	0.4011526	0.40115258	0.62588173	0.6618219	-45.79983	1	2	1	3324
8	3	223	0.34982198	0.34982198	0.5457953	0.57713664	-57.26885	1	1	1	3232
8	3	222	0.43088812	0.4308881	0.67227536	0.71087956	-39.1559	1	2	1	3323
8	3	221	0.21977593	0.21977593	0.3428963	0.36258653	-86.32561	1	1	1	3231
8	3	220	0.17162497	0.17162497	0.26777077	0.28314704	-97.08419	1	2	1	3322
8	3	219	0.5259911	0.5259911	0.8206558	0.86778057	-17.906624	1	1	1	3230
8	3	218	0.049575426	0.049575422	0.077348	0.081789576	-124.35425	1	2	1	3321
8	3	217	0.057604697	0.057604697	0.08987535	0.09503628	-122.560234	1	1	1	3229
8	3	216	0.013334636	0.013334636	0.020804813	0.021999493	-132.45169	1	2	1	3320
8	3	215	0.045214348	0.045214348	0.07054381	0.07459467	-125.32867	1	1	1	3228
8	3	214	0.124490276	0.124490276	0.19423081	0.20538417	-107.6157	1	2	1	3319
8	3	213	0.30430505	0.30430505	0.47477937	0.5020428	-67.4389	1	1	1	3227
8	3	212	0.37049222	0.37049222	0.5780452	0.6112384	-52.650414	1	2	1	3318
8	3	211	0.12057675	0.12057675	0.18812488	0.19892763	-108.49011	1	1	1	3226
8	3	210	0.2657865	0.2657865	0.4146824	0.4384948	-76.045265	1	2	1	3317
8	3	209	0.23762593	0.23762591	0.37074602	0.39203545	-82.33731	1	1	1	3225
8	3	192	0.26008812	0.26008812	0.40579173	0.4290936	-77.31848	1	2	1	3316
8	3	191	0.14860624	0.14860624	0.23185673	0.24517071	-102.22736	1	1	1	3224
8	3	190	0.213952	0.213952	0.33380976	0.3529782	-87.62688	1	2	1	3315
8	3	189	0.17112458	0.17112458	0.26699007	0.28232148	-97.19599	1	1	1	3223
8	3	188	0.01919204	0.01919204	0.029943587	0.031663045	-131.14294	1	2	1	3314
8	3	187	0.27524418	0.27524418	0.42943835	0.4540981	-73.93209	1	1	1	3222
8	3	186	0.26660758	0.2666076	0.41596347	0.43984947	-75.86181	1	2	1	3313
8	3	185	0.21544147	0.21544145	0.33613363	0.35543552	-87.29408	1	1	1	3221
8	3	184	0.38318968	0.38318968	0.59785587	0.63218665	-49.813362	1	2	1	3312
8	3	183	0.39961362	0.39961362	0.6234806	0.65928286	-46.143696	1	1	1	3220
8	3	182	0.28478104	0.28478104	0.44431782	0.469832	-71.80124	1	2	1	3311
8	3	181	0.1281659	0.1281659	0.19996555	0.21144824	-106.79443	1	1	1	3219
8	3	180	0.14060327	0.14060327	0.21937042	0.23196739	-104.0155	1	2	1	3310
8	3	179	0.3292352	0.32923517	0.5136756	0.5431725	-61.868652	1	1	1	3218
8	3	178	0.39528435	0.39528435	0.61672604	0.6521405	-47.110996	1	2	1	3309
8	3	177	0.12283008	0.12283008	0.19164056	0.20264518	-107.98664	1	1	1	3217
8	3	160	0.1335468	0.1335468	0.20836088	0.22032565	-105.592155	1	2	1	3308
8	3	159	0.05406233	0.05406233	0.08434851	0.08919208	-123.35172	1	1	1	3216
8	3	158	0.14544547	0.14544545	0.22692525	0.23995605	-102.93359	1	2	1	3307
8	3	157	0.34988815	0.34988815	0.5458985	0.5772458	-57.25407	1	1	1	3215
8	3	156	0.30137125	0.30137125	0.47020203	0.49720255	-68.09441	1	2	1	3306
8	3	155	0.10833992	0.10833992	0.16903289	0.17873931	-111.22424	1	1	1	3214
8	3	154	0.074745975	0.074745975	0.11661932	0.123315975	-118.730286	1	2	1	3305
8	3	153	0.3189938	0.3189938	0.4976969	0.5262763	-64.15693	1	1	1	3213
8	3	152	0.14794931	0.14794931	0.23083179	0.2440869	-102.374146	1	2	1	3304
8	3	151	0.108440235	0.108440235	0.1691894	0.1789048	-111.20183	1	1	1	3212
8	3	150	0.21191534	0.21191534	0.33063215	0.34961814	-88.08193	1	2	1	3303
8	3	149	0.21088366	0.21088366	0.3290225	0.34791607	-88.31245	1	1	1	3211
8	3	148	0.26407415	0.26407415	0.41201076	0.43566978	-76.427864	1	2	1	3302
8	3	147	0.29182744	0.29182744	0.45531172	0.4814572	-70.22682	1	1	1	3210
8	3	146	0.32498753	0.32498753	0.50704837	0.5361647	-62.817722	1	2	1	3301
8	3	145	0.048469797	0.048469797	0.075623	0.07996552	-124.60129	1	1	1	3209
8	3	128	0.3385986	0.3385986	0.5282845	0.55862033	-59.77654	1	2	1	3300
8	3	127	0.12797584	0.12797584	0.199669	0.21113466	-106.83691	1	1	1	3208
8	3	126	0.09847313	0.09847313	0.15363863	0.16246107	-113.42882	1	2	1	3299
8	3	125	0.110694855	0.110694855	0.17270707	0.18262447	-110.69807	1	1	1	3207
8	3	124	0.18484616	0.18484616	0.28839856	0.30495936	-94.13012	1	2	1	3298
8	3	123	0.1050836	0.10508359	0.16395234	0.17336701	-111.95182	1	1	1	3206
8	3	122	0.2989526	0.2989526	0.46642843	0.49321228	-68.63482	1	2	1	3297
8	3	121	0.09429322	0.094293214	0.1471171	0.15556504	-114.362755	1	1	1	3205
8	3	120	0.068142205	0.068142205	0.10631605	0.112421066	-120.205795	1	2	1	3296
8	3	119	0.38453233	0.38453233	0.5999507	0.6344018	-49.51337	1	1	1	3204
8	3	118	0.11083279	0.11083279	0.17292227	0.18285203	-110.66725	1	2	1	3295
8	3	117	0.21929133	0.21929133	0.34214023	0.36178702	-86.43388	1	1	1	3203
8	3	116	0.29087555	0.29087555	0.45382655	0.47988674	-70.439514	1	2	1	3294
8	3	115	0.32538357	0.32538357	0.5076663	0.5368181	-62.729233	1	1	1	3202
8	3	114	0.052290753	0.05229075	0.08158448	0.08626933	-123.74755	1	2	1	3293
8	3	113	0.14763397	0.14763398	0.23033981	0.24356666	-102.4446	1	1	1	3201
8	3	96	0.24732171	0.24732171	0.38587347	0.40803158	-80.17094	1	2	1	3292
8	3	95	0.16286884	0.16286884	0.25410938	0.26870117	-99.04061	1	1	1	3200
8	3	94	0.28116652	0.28116652	0.43867844	0.4638688	-72.60884	1	2	1	3291
8	3	93	0.04450514	0.04450514	0.06943731	0.07342462	-125.48712	1	1	1	3199
8	3	92	0.033117317	0.033117317	0.05166992	0.054636978	-128.03156	1	2	1	3290
8	3	91	0.06219716	0.06219716	0.09704055	0.10261293	-121.53412	1	1	1	3198
8	3	90	0.1323442	0.1323442	0.20648457	0.21834159	-105.86086	1	2	1	3289
8	3	89	0.1640172	0.16401719	0.25590104	0.2705957	-98.78403	1	1	1	3197
8	3	88	0.16065744	0.16065744	0.25065914	0.2650528	-99.53471	1	2	1	3288
8	3	87	0.057867162	0.057867162	0.09028485	0.095469296	-122.50159	1	1	1	3196
8	3	86	0.1857954	0.18579538	0.28987956	0.3065254	-93.91803	1	2	1	3287
8	3	85	0.026737057	0.026737055	0.041715384	0.04411082	-129.45712	1	1	1	3195
8	3	84	0.12247595	0.12247595	0.19108804	0.20206092	-108.065765	1	2	1	3286
8	3	83	0.09626797	0.096267976	0.15019812	0.15882298	-113.92153	1	1	1	3194
8	3	82	0.23878026	0.23878026	0.372547	0.39393988	-82.07939	1	2	1	3285
8	3	81	0.330467	0.330467	0.51559746	0.54520476	-61.593426	1	1	1	3193
8	3	64	0.21403322	0.21403322	0.33393648	0.3531122	-87.60873	1	2	1	3284
8	3	63	0.03419681	0.03419681	0.053354155	0.056417927	-127.79036	1	1	1	3192
8	3	62	0.041466713	0.041466713	0.06469673	0.06841183	-126.166016	1	2	1	3283
8	3	61	0.16614038	0.16614036	0.25921363	0.27409855	-98.30964	1	1	1	3191
8	3	60	0.1854502	0.1854502	0.289341	0.30595592	-93.995155	1	2	1	3282
8	3	59	0.26674432	0.26674432	0.4161768	0.440075	-75.83126	1	1	1	3190
8	3	58	0.19906221	0.19906221	0.31057858	0.328413	-90.953766	1	2	1	3281
8	3	57	0.64093995	0.64093995	1	1.0574232	7.7768955	1	1	1	3189
8	3	56	0.13896799	0.13896799	0.21681905	0.2292695	-104.38088	1	2	1	3280
8	3	55	0.09111188	0.091111876	0.14215355	0.15031646	-115.07358	1	1	1	3188
8	3	54	0.21575293	0.21575293	0.3366196	0.35594937	-87.22449	1	2	1	3279
8	3	53	0.19068494	0.19068494	0.2975083	0.3145922	-92.82553	1	1	1	3187
8	3	52	0.25970322	0.25970322	0.40519118	0.42845857	-77.40449	1	2	1	3278
8	3	51	0.053383674	0.053383674	0.08328967	0.088072434	-123.50336	1	1	1	3186
8	3	50	0.03317943	0.03317943	0.05176683	0.054739453	-128.01768	1	2	1	3277
8	3	49	0.18503794	0.18503794	0.28869778	0.30527577	-94.08727	1	1	1	3185
8	3	32	0.03534083	0.035340827	0.055139065	0.05830533	-127.534744	1	2	1	3276
8	3	31	0.08122085	0.08122086	0.12672147	0.13399825	-117.28358	1	1	1	3184
8	3	30	0.30428934	0.30428934	0.47475487	0.50201684	-67.44241	1	2	1	3275
8	3	29	0.14392689	0.14392687	0.22455597	0.2374507	-103.272896	1	1	1	3183
8	3	28	0.32786697	0.327867	0.5115409	0.54091525	-62.174355	1	2	1	3274
8	3	27	0.4247223	0.4247223	0.6626554	0.70070726	-40.533546	1	1	1	3182
8	3	26	0.024926718	0.024926718	0.03889088	0.04112412	-129.86162	1	2	1	3273
8	3	25	0.10680499	0.10680499	0.16663806	0.17620696	-111.5672	1	1	1	3181
8	3	24	0.25265902	0.25265902	0.3942008	0.4168371	-78.97839	1	2	1	3272
8	3	23	0.0960199	0.0960199	0.14981107	0.15841372	-113.97696	1	1	1	3180
8	3	22	0.02832855	0.02832855	0.044198446	0.046736468	-129.10153	1	2	1	3271
8	3	21	0.09030557	0.09030557	0.14089553	0.1489862	-115.25374	1	1	1	3179
8	3	20	0.22507513	0.22507511	0.35116413	0.37132913	-85.14159	1	2	1	3270
8	3	19	0.110028625	0.110028625	0.17166762	0.18152533	-110.846924	1	1	1	3178
8	3	18	0.14588258	0.14588258	0.22760725	0.24067721	-102.83592	1	2	1	3269
8	3	17	0.0784577	0.0784577	0.12241038	0.12943958	-117.900955	1	1	1	3177
8	2	384	0	0	0	0	-126.250046	4	2	1	0
8	2	383	0	0	0	0	-126.250046	4	1	1	0
8	2	382	0.04343	0.04343	0.066001035	0.074244715	-116.87665	3	2	1	0
8	2	381	0.19982001	0.19982	0.3036686	0.34159747	-83.12335	3	1	1	0
8	2	380	0.515	0.515	0.78265095	0.88040584	-15.09877	2	2	1	0
8	2	379	0.65586	0.65586	0.99671745	1.1212097	15.302728	2	1	1	0
8	2	378	0.56762	0.56762	0.86261815	0.97036105	-3.7419167	2	2	1	0
8	2	377	0.60135	0.60135	0.913878	1.0280235	3.537959	2	1	1	0
8	2	376	0.22445315	0.22445314	0.34110385	0.38370848	-77.80684	1	2	1	3176
8	2	375	0.092064545	0.09206455	0.13991147	0.15738674	-106.37997	1	1	1	3084
8	2	374	0.18334696	0.18334696	0.2786343	0.31343636	-86.678696	1	2	1	3175
8	2	373	0.04141687	0.04141687	0.062941656	0.07080321	-117.31114	1	1	1	3083
8	2	372	0.16192177	0.16192177	0.24607423	0.27680945	-91.30284	1	2	1	3174
8	2	371	0.14303221	0.14303221	0.21736757	0.24451727	-95.37973	1	1	1	3082
8	2	370	0.1402066	0.14020662	0.21307349	0.23968683	-95.98957	1	2	1	3173
8	2	369	0.045309715	0.04530971	0.068857655	0.07745813	-116.470955	1	1	1	3081
8	2	352	0.28854182	0.28854182	0.43850008	0.4932697	-63.97472	1	2	1	3172
8	2	351	0.07386044	0.07386043	0.11224649	0.12626633	-110.30892	1	1	1	3080
8	2	350	0.072255544	0.072255544	0.10980752	0.12352273	-110.6553	1	2	1	3171
8	2	349	0.1282309	0.1282309	0.19487387	0.21921405	-98.574265	1	1	1	3079
8	2	348	0.014985783	0.014985783	0.022774054	0.025618583	-123.0157	1	2	1	3170
8	2	347	0.1880265	0.1880265	0.2857459	0.32143617	-85.66872	1	1	1	3078
8	2	346	0.3401729	0.3401729	0.5169644	0.5815344	-52.831306	1	2	1	3169
8	2	345	0.16934104	0.16934104	0.2573494	0.2894929	-89.70155	1	1	1	3077
8	2	344	0.53521085	0.5352109	0.8133657	0.91495687	-10.736699	1	2	1	3168
8	2	343	0.25384575	0.25384575	0.3857721	0.4339559	-71.46309	1	1	1	3076
8	2	342	0.23779796	0.23779796	0.3613841	0.40652177	-74.92665	1	2	1	3167
8	2	341	0.09575711	0.095757104	0.1455231	0.16369925	-105.58301	1	1	1	3075
8	2	340	0.3244754	0.3244754	0.49310872	0.5546991	-56.21926	1	2	1	3166
8	2	339	0.0587174	0.0587174	0.08923346	0.100378916	-113.5772	1	1	1	3074
8	2	338	0.36953524	0.36953524	0.5615866	0.6317301	-46.4941	1	2	1	3165
8	2	337	0.08778256	0.08778256	0.13340409	0.15006657	-107.30414	1	1	1	3073
8	2	320	0.20814507	0.20814507	0.31632027	0.3558294	-81.32657	1	2	1	3164
8	2	319	0.15215097	0.15215097	0.23122546	0.26010603	-93.41165	1	1	1	3072
8	2	318	0.028339814	0.028339814	0.04306832	0.04844765	-120.13353	1	2	1	3163
8	2	317	0.31150296	0.31150296	0.47339436	0.5325224	-59.01907	1	1	1	3071
8	2	316	0.17583622	0.17583622	0.26722017	0.30059657	-88.29971	1	2	1	3162
8	2	315	0.2582283	0.2582283	0.39243227	0.44144794	-70.51722	1	1	1	3070
8	2	314	0.26247683	0.26247683	0.39888886	0.44871095	-69.60027	1	2	1	3161
8	2	313	0.29816422	0.29816422	0.45312333	0.50971943	-61.89794	1	1	1	3069
8	2	312	0.067200676	0.067200676	0.102125585	0.1148813	-111.74628	1	2	1	3160
8	2	311	0.10057922	0.10057922	0.15285131	0.17194279	-104.54227	1	1	1	3068
8	2	310	0.125885	0.125885	0.19130877	0.21520366	-99.080574	1	2	1	3159
8	2	309	0.07289075	0.07289075	0.110772856	0.12460863	-110.5182	1	1	1	3067
8	2	308	0.047648594	0.047648594	0.07241207	0.081456505	-115.96616	1	2	1	3158
8	2	307	0.28591606	0.28591606	0.4345097	0.48878092	-64.541435	1	1	1	3066
8	2	306	0.13496605	0.13496606	0.20510936	0.23072797	-97.12063	1	2	1	3157
8	2	305	0.4740539	0.4740539	0.7204248	0.8104074	-23.936073	1	1	1	3065
8	2	288	0.052679233	0.052679233	0.0800572	0.090056516	-114.88041	1	2	1	3156
8	2	287	0.13390708	0.13390708	0.20350002	0.22891763	-97.34919	1	1	1	3064
8	2	286	0.026910268	0.026910268	0.040895823	0.046003804	-120.44206	1	2	1	3155
8	2	285	0.22710109	0.22710109	0.34512797	0.3882352	-77.23534	1	1	1	3063
8	2	284	0.2210455	0.22104548	0.3359252	0.377883	-78.542305	1	2	1	3154
8	2	283	0.030654717	0.03065472	0.0465863	0.052405037	-119.63391	1	1	1	3062
8	2	282	0.07484007	0.07484007	0.11373524	0.12794103	-110.09749	1	2	1	3153
8	2	281	0.1362102	0.13621022	0.2070001	0.23285489	-96.852104	1	1	1	3061
8	2	280	0.34152615	0.34152615	0.519021	0.5838478	-52.53923	1	2	1	3152
8	2	279	0.17266333	0.17266333	0.2623983	0.29517245	-88.98451	1	1	1	3060
8	2	278	0.25960776	0.25960776	0.3945287	0.4438062	-70.2195	1	2	1	3151
8	2	277	0.13386686	0.13386686	0.2034389	0.22884887	-97.357864	1	1	1	3059
8	2	276	0.101047575	0.101047575	0.15356308	0.17274345	-104.44118	1	2	1	3150
8	2	275	0.1103568	0.1103568	0.16771041	0.1886578	-102.43199	1	1	1	3058
8	2	274	0.04649375	0.04649375	0.070657045	0.07948227	-116.21541	1	2	1	3149
8	2	273	0.4262715	0.42627147	0.6478093	0.72872216	-34.24884	1	1	1	3057
8	2	256	0.04246091	0.042460907	0.064528294	0.07258803	-117.08581	1	2	1	3148
8	2	255	0.27632886	0.27632886	0.4199399	0.47239134	-66.61062	1	1	1	3056
8	2	254	0.18304953	0.18304953	0.2781823	0.3129279	-86.74288	1	2	1	3147
8	2	253	0.22513646	0.22513644	0.34214225	0.3848766	-77.65936	1	1	1	3055
8	2	252	0.19405285	0.19405285	0.29490417	0.33173835	-84.368065	1	2	1	3146
8	2	251	0.13659555	0.13659555	0.20758569	0.23351361	-96.76894	1	1	1	3054
8	2	250	0.28921717	0.28921717	0.43952644	0.49442428	-63.82896	1	2	1	3145
8	2	249	0.09362587	0.09362587	0.14228423	0.16005585	-106.04299	1	1	1	3053
8	2	248	0.051186517	0.051186513	0.077788696	0.08750468	-115.202576	1	2	1	3144
8	2	247	0.045128956	0.04512896	0.06858296	0.07714912	-116.509964	1	1	1	3052
8	2	246	0.06475085	0.06475085	0.09840256	0.11069325	-112.27502	1	2	1	3143
8	2	245	0.08104592	0.08104592	0.123166345	0.1385501	-108.758095	1	1	1	3051
8	2	244	0.40392852	0.40392852	0.61385447	0.69052625	-39.07107	1	2	1	3142
8	2	243	0.29406613	0.29406613	0.44689542	0.5027136	-62.782425	1	1	1	3050
8	2	242	0.18392289	0.18392289	0.27950957	0.31442094	-86.55439	1	2	1	3141
8	2	241	0.26764816	0.26764816	0.40674776	0.45755148	-68.48415	1	1	1	3049
8	2	224	0.075431556	0.075431556	0.114634134	0.12895219	-109.969826	1	2	1	3140
8	2	223	0.1405924	0.1405924	0.21365976	0.24034634	-95.90631	1	1	1	3048
8	2	222	0.07748927	0.07748927	0.11776128	0.13246992	-109.52571	1	2	1	3139
8	2	221	0.12295094	0.12295094	0.18684985	0.21018781	-99.71383	1	1	1	3047
8	2	220	0.23654568	0.2365457	0.359481	0.40438098	-75.19693	1	2	1	3138
8	2	219	0.46813518	0.46813518	0.71143	0.8002892	-25.213495	1	1	1	3046
8	2	218	0.40799028	0.40799028	0.6200272	0.69746995	-38.19443	1	2	1	3137
8	2	217	0.11314428	0.11314428	0.17194657	0.19342308	-101.830376	1	1	1	3045
8	2	216	0.12773082	0.12773082	0.19411388	0.21835914	-98.6822	1	2	1	3136
8	2	215	0.1393976	0.1393976	0.21184403	0.23830383	-96.16418	1	1	1	3044
8	2	214	0.65802	0.65802	1	1.1249022	15.768912	1	2	1	3135
8	2	213	0.120955855	0.120955855	0.18381791	0.20677717	-100.14442	1	1	1	3043
8	2	212	0.13295206	0.13295206	0.20204867	0.227285	-97.555305	1	2	1	3134
8	2	211	0.050302662	0.050302662	0.0764455	0.08599371	-115.39334	1	1	1	3042
8	2	210	0.13535705	0.13535704	0.20570354	0.23139638	-97.03625	1	2	1	3133
8	2	209	0.13701737	0.13701735	0.20822674	0.23423474	-96.6779	1	1	1	3041
8	2	192	0.01729653	0.01729653	0.026285721	0.029568866	-122.516975	1	2	1	3132
8	2	191	0.16411638	0.16411638	0.24940942	0.2805612	-90.829185	1	1	1	3040
8	2	190	0.111152746	0.111152746	0.16892001	0.1900185	-102.2602	1	2	1	3131
8	2	189	0.26223066	0.26223066	0.39851475	0.4482901	-69.6534	1	1	1	3039
8	2	188	0.022461854	0.022461852	0.034135517	0.03839912	-121.40216	1	2	1	3130
8	2	187	0.13199861	0.13199861	0.2005997	0.22565505	-97.761086	1	1	1	3038
8	2	186	0.11761966	0.11761966	0.17874786	0.20107387	-100.86446	1	2	1	3129
8	2	185	0.052715436	0.05271544	0.08011221	0.09011841	-114.8726	1	1	1	3037
8	2	184	0.092787504	0.092787504	0.14101015	0.15862264	-106.22393	1	2	1	3128
8	2	183	0.35840815	0.35840818	0.5446767	0.61270803	-48.895626	1	1	1	3036
8	2	182	0.31871444	0.31871444	0.48435372	0.5448506	-57.462635	1	2	1	3127
8	2	181	0.080581665	0.080581665	0.12246082	0.13775645	-108.85829	1	1	1	3035
8	2	180	0.21691227	0.21691228	0.3296439	0.37081715	-79.434364	1	2	1	3126
8	2	179	0.06485224	0.06485223	0.09855663	0.11086658	-112.253136	1	1	1	3034
8	2	178	0.043870896	0.043870896	0.066671066	0.07499843	-116.781494	1	2	1	3125
8	2	177	0.1185556	0.1185556	0.18017021	0.20267387	-100.66246	1	1	1	3033
8	2	160	0.33727628	0.33727628	0.51256233	0.57658255	-53.456474	1	2	1	3124
8	2	159	0.116705105	0.11670511	0.177358	0.19951041	-101.06185	1	1	1	3032
8	2	158	0.18157066	0.18157066	0.27593488	0.31039977	-87.062065	1	2	1	3123
8	2	157	0.22123739	0.22123739	0.3362168	0.37821105	-78.500885	1	1	1	3031
8	2	156	0.1530423	0.1530423	0.23258002	0.2616298	-93.21928	1	2	1	3122
8	2	155	0.12231332	0.12231332	0.18588085	0.20909779	-99.85144	1	1	1	3030
8	2	154	0.45470935	0.45470935	0.6910266	0.77733743	-28.111162	1	2	1	3121
8	2	153	0.10480099	0.10480099	0.15926719	0.17916001	-103.63109	1	1	1	3029
8	2	152	0.07231579	0.07231579	0.109899074	0.12362572	-110.642296	1	2	1	3120
8	2	151	0.12235294	0.122352935	0.18594107	0.20916551	-99.84289	1	1	1	3028
8	2	150	0.16143553	0.16143553	0.2453353	0.2759782	-91.40778	1	2	1	3119
8	2	149	0.22210997	0.22210997	0.33754292	0.37970278	-78.31255	1	1	1	3027
8	2	148	0.08670577	0.08670577	0.13176768	0.14822575	-107.53654	1	2	1	3118
8	2	147	0.2011098	0.2011098	0.30562872	0.34380242	-82.84498	1	1	1	3026
8	2	146	0.023035754	0.023035754	0.03500768	0.03938022	-121.2783	1	2	1	3117
8	2	145	0.20469627	0.20469627	0.3110791	0.3499336	-82.070915	1	1	1	3025
8	2	128	0.2561537	0.2561537	0.38927948	0.43790138	-70.96498	1	2	1	3116
8	2	127	0.17106307	0.17106307	0.25996637	0.29243675	-89.329895	1	1	1	3024
8	2	126	0.1155054	0.1155054	0.17553478	0.19745947	-101.32078	1	2	1	3115
8	2	125	0.071576454	0.071576454	0.108775504	0.1223618	-110.801865	1	1	1	3023
8	2	124	0.11905221	0.11905221	0.1809249	0.20352283	-100.55528	1	2	1	3114
8	2	123	0.3537261	0.3537261	0.53756136	0.60470396	-49.906147	1	1	1	3022
8	2	122	0.20340353	0.20340355	0.30911452	0.34772363	-82.34992	1	2	1	3113
8	2	121	0.2734852	0.2734852	0.4156184	0.46753007	-67.22436	1	1	1	3021
8	2	120	0.30682552	0.3068255	0.466286	0.5245262	-60.028595	1	2	1	3112
8	2	119	0.13823095	0.13823095	0.21007104	0.2363094	-96.41598	1	1	1	3020
8	2	118	0.052889027	0.052889027	0.080376014	0.09041516	-114.83513	1	2	1	3111
8	2	117	0.07354015	0.07354016	0.11175976	0.1257188	-110.378044	1	1	1	3019
8	2	116	0.26836804	0.26836804	0.40784177	0.4587821	-68.32878	1	2	1	3110
8	2	115	0.07503405	0.07503405	0.11403005	0.12827265	-110.05562	1	1	1	3018
8	2	114	0.20591398	0.20591398	0.31292966	0.3520153	-81.808105	1	2	1	3109
8	2	113	0.115362585	0.115362585	0.17531775	0.19721533	-101.3516	1	1	1	3017
8	2	96	0.10626404	0.10626404	0.16149059	0.18166113	-103.31532	1	2	1	3108
8	2	95	0.2540604	0.2540604	0.3860983	0.4343228	-71.41677	1	1	1	3016
8	2	94	0.06472373	0.06472373	0.098361336	0.11064689	-112.280876	1	2	1	3107
8	2	93	0.062231727	0.062231723	0.09457421	0.10638674	-112.81872	1	1	1	3015
8	2	92	0.23802814	0.23802814	0.36173388	0.40691525	-74.876976	1	2	1	3106
8	2	91	0.2746313	0.2746313	0.4173601	0.4694893	-66.977	1	1	1	3014
8	2	90	0.14809847	0.14809847	0.22506684	0.25317818	-94.28629	1	2	1	3105
8	2	89	0.13767807	0.13767807	0.20923084	0.23536423	-96.5353	1	1	1	3013
8	2	88	0.040179208	0.04017921	0.061060775	0.0686874	-117.57826	1	2	1	3104
8	2	87	0.08105314	0.08105313	0.12317731	0.13856244	-108.75653	1	1	1	3012
8	2	86	0.28789085	0.28789085	0.43751082	0.4921569	-64.11522	1	2	1	3103
8	2	85	0.024708074	0.024708075	0.037549123	0.042239092	-120.91736	1	1	1	3011
8	2	84	0.18471846	0.18471846	0.28071862	0.315781	-86.38268	1	2	1	3102
8	2	83	0.33558306	0.33558306	0.50998914	0.573688	-53.82192	1	1	1	3010
8	2	82	0.24728447	0.24728447	0.37580085	0.4227392	-72.8792	1	2	1	3101
8	2	81	0.28851092	0.28851095	0.43845314	0.49321693	-63.981388	1	1	1	3009
8	2	64	0.11039879	0.11039879	0.16777422	0.1887296	-102.42293	1	2	1	3100
8	2	63	0.1337027	0.1337027	0.20318942	0.22856824	-97.393295	1	1	1	3008
8	2	62	0.1010191	0.1010191	0.1535198	0.17269476	-104.44733	1	2	1	3099
8	2	61	0.09221426	0.092214264	0.140139	0.15764266	-106.34766	1	1	1	3007
8	2	60	0.2278795	0.2278795	0.3463109	0.3895659	-77.06734	1	2	1	3098
8	2	59	0.26521134	0.26521134	0.40304452	0.45338568	-69.010086	1	1	1	3006
8	2	58	0.31974956	0.31974956	0.48592684	0.5466202	-57.239227	1	2	1	3097
8	2	57	0.09771018	0.09771018	0.1484912	0.16703808	-105.16148	1	1	1	3005
8	2	56	0.1873262	0.1873262	0.28468162	0.32023898	-85.81986	1	2	1	3096
8	2	55	0.2848541	0.28485414	0.43289587	0.4869655	-64.77063	1	1	1	3004
8	2	54	0.043105587	0.043105587	0.06550802	0.07369012	-116.94667	1	2	1	3095
8	2	53	0.22930282	0.22930282	0.34847394	0.3919991	-76.76014	1	1	1	3003
8	2	52	0.18411943	0.18411943	0.27980828	0.31475696	-86.51197	1	2	1	3094
8	2	51	0.116489455	0.116489455	0.17703027	0.19914174	-101.10839	1	1	1	3002
8	2	50	0.1746963	0.1746963	0.26548782	0.29864785	-88.545746	1	2	1	3093
8	2	49	0.36560768	0.36560765	0.55561787	0.6250158	-47.341778	1	1	1	3001
8	2	32	0.21437219	0.21437219	0.3257837	0.3664748	-79.98259	1	2	1	3092
8	2	31	0.20512828	0.20512828	0.31173563	0.3506721	-81.97768	1	1	1	3000
8	2	30	0.11086375	0.11086375	0.16848083	0.18952446	-102.32258	1	2	1	3091
8	2	29	0.09886696	0.09886696	0.15024918	0.16901563	-104.91182	1	1	1	2999
8	2	28	0.19599985	0.19599985	0.29786307	0.33506683	-83.947845	1	2	1	3090
8	2	27	0.44474965	0.44474965	0.6758908	0.76031107	-30.26074	1	1	1	2998
8	2	26	0.047755767	0.047755767	0.07257495	0.08163972	-115.94303	1	2	1	3089
8	2	25	0.19205317	0.19205315	0.29186523	0.32831985	-84.79965	1	1	1	2997
8	2	24	0.21109597	0.21109597	0.3208048	0.36087403	-80.68968	1	2	1	3088
8	2	23	0.32924083	0.32924083	0.5003508	0.5628457	-55.190746	1	1	1	2996
8	2	22	0.06706212	0.06706212	0.10191502	0.11464443	-111.776184	1	2	1	3087
8	2	21	0.21048456	0.21048456	0.31987566	0.35982883	-80.82164	1	1	1	2995
8	2	20	0.28064558	0.28064558	0.42650008	0.4797709	-65.67895	1	2	1	3086
8	2	19	0.05159259	0.05159259	0.078405805	0.08819886	-115.11494	1	1	1	2994
8	2	18	0.05839762	0.05839762	0.088747494	0.09983225	-113.646225	1	2	1	3085
8	2	17	0.34507602	0.34507602	0.52441573	0.5899164	-51.77307	1	1	1	2993
8	1	384	0	0	0	0	-111.36566	4	2	1	0
8	1	383	0	0	0	0	-111.36566	4	1	1	0
8	1	382	0.0304	0.0304	0.053172585	0.05426149	-105.32279	3	2	1	0
8	1	381	0.083955	0.083955	0.14684552	0.14985274	-94.67721	3	1	1	0
8	1	380	0.55803	0.55803	0.9760492	0.9960375	-0.44129145	2	2	1	0
8	1	379	0.56727004	0.56727004	0.9922109	1.0125301	1.3954282	2	1	1	0
8	1	378	0.50879997	0.50879997	0.8899411	0.908166	-10.227157	2	2	1	0
8	1	377	0.6069	0.6069	1.0615276	1.0832664	9.27302	2	1	1	0
8	1	376	0.11385322	0.11385322	0.19914046	0.20321861	-88.734085	1	2	1	2992
8	1	375	0.093963265	0.09396326	0.16435096	0.16771667	-92.68778	1	1	1	2900
8	1	374	0.18592429	0.18592428	0.3251998	0.3318595	-74.407906	1	2	1	2991
8	1	373	0.020566836	0.020566836	0.03597341	0.036710102	-107.27741	1	1	1	2899
8	1	372	0.22258851	0.22258851	0.38932917	0.39730212	-67.11984	1	2	1	2990
8	1	371	0.43828917	0.43828917	0.76661074	0.78231	-24.243189	1	1	1	2898
8	1	370	0.24068375	0.24068375	0.4209795	0.42960063	-63.5229	1	2	1	2989
8	1	369	0.0036135954	0.0036135954	0.0063205324	0.0064499695	-110.647354	1	1	1	2897
8	1	352	0.14195025	0.14195025	0.2482849	0.25336948	-83.149	1	2	1	2988
8	1	351	0.32999897	0.32999897	0.5772006	0.5890209	-45.768955	1	1	1	2896
8	1	350	0.14632449	0.14632447	0.25593588	0.26117712	-82.279495	1	2	1	2987
8	1	349	0.13820004	0.13820004	0.24172543	0.24667567	-83.89446	1	1	1	2895
8	1	348	0.070326135	0.070326135	0.123007305	0.12552634	-97.38634	1	2	1	2986
8	1	347	0.33882976	0.33882976	0.5926465	0.6047831	-44.013588	1	1	1	2894
8	1	346	0.08941668	0.08941668	0.15639855	0.1596014	-93.591545	1	2	1	2985
8	1	345	0.15541622	0.15541622	0.27183822	0.27740514	-80.47225	1	1	1	2893
8	1	344	0.05325861	0.05325861	0.093154535	0.09506222	-100.77899	1	2	1	2984
8	1	343	0.19219068	0.19219068	0.33616036	0.3430445	-73.162285	1	1	1	2892
8	1	342	0.28378958	0.28378958	0.49637583	0.506541	-54.954388	1	2	1	2983
8	1	341	0.43019664	0.43019667	0.7524561	0.76786554	-25.851809	1	1	1	2891
8	1	340	0.26985464	0.26985464	0.47200224	0.48166826	-57.724358	1	2	1	2982
8	1	339	0.07770288	0.07770289	0.13590996	0.13869323	-95.92	1	1	1	2890
8	1	338	0.39937094	0.39937094	0.69853896	0.71284413	-31.9793	1	2	1	2981
8	1	337	0.24128196	0.24128196	0.42202583	0.43066838	-63.403988	1	1	1	2889
8	1	320	0.3136812	0.3136812	0.54865915	0.55989504	-49.01258	1	2	1	2980
8	1	319	0.071422	0.071422	0.12492409	0.12748238	-97.168495	1	1	1	2888
8	1	318	0.5225736	0.52257365	0.9140325	0.93275076	-7.4892535	1	2	1	2979
8	1	317	0.1562164	0.1562164	0.2732378	0.2788334	-80.313194	1	1	1	2887
8	1	316	0.039779153	0.039779153	0.06957764	0.071002506	-103.45842	1	2	1	2978
8	1	315	0.19887853	0.19887854	0.34785807	0.35498178	-71.83288	1	1	1	2886
8	1	314	0.10546951	0.10546951	0.18447652	0.18825437	-90.40059	1	2	1	2977
8	1	313	0.07130642	0.071306415	0.12472192	0.12727608	-97.191475	1	1	1	2885
8	1	312	0.41050404	0.41050407	0.71801186	0.73271585	-29.766273	1	2	1	2976
8	1	311	0.0171897	0.0171897	0.030066472	0.030682197	-107.948715	1	1	1	2884
8	1	310	0.029178085	0.029178085	0.051035333	0.052080475	-105.56568	1	2	1	2975
8	1	309	0.068072006	0.068072006	0.11906462	0.12150292	-97.834404	1	1	1	2883
8	1	308	0.2189216	0.2189216	0.38291535	0.39075696	-67.84875	1	2	1	2974
8	1	307	0.25155556	0.25155556	0.43999535	0.4490059	-61.36182	1	1	1	2882
8	1	306	0.08733324	0.08733324	0.1527544	0.15588263	-94.005684	1	2	1	2973
8	1	305	0.43235075	0.43235075	0.7562239	0.77171046	-25.423616	1	1	1	2881
8	1	288	0.06692462	0.06692462	0.11705772	0.11945492	-98.062485	1	2	1	2972
8	1	287	0.26336706	0.26336706	0.46065482	0.47008845	-59.013947	1	1	1	2880
8	1	286	0.1439545	0.1439545	0.25179055	0.2569469	-82.750595	1	2	1	2971
8	1	285	0.068378076	0.068378076	0.11959995	0.12204921	-97.77357	1	1	1	2879
8	1	284	0.503634	0.503634	0.8809053	0.8989451	-11.254045	1	2	1	2970
8	1	283	0.05480712	0.054807123	0.09586303	0.09782619	-100.47118	1	1	1	2878
8	1	282	0.1127604	0.1127604	0.197229	0.20126802	-88.95132	1	2	1	2969
8	1	281	0.21644542	0.21644542	0.37858427	0.3863372	-68.34096	1	1	1	2877
8	1	280	0.5479875	0.5479875	0.95848393	0.9781125	-2.4375165	1	2	1	2968
8	1	279	0.06270092	0.06270092	0.10967006	0.11191597	-98.90206	1	1	1	2876
8	1	278	0.07383526	0.07383526	0.12914512	0.13178985	-96.6888	1	2	1	2967
8	1	277	0.49304664	0.4930466	0.86238694	0.88004756	-13.358585	1	1	1	2875
8	1	276	0.47056648	0.47056648	0.82306695	0.8399223	-17.827154	1	2	1	2966
8	1	275	0.21432191	0.21432191	0.37487003	0.3825469	-68.76307	1	1	1	2874
8	1	274	0.16928549	0.16928549	0.29609692	0.30216062	-77.71534	1	2	1	2965
8	1	273	0.11591609	0.11591608	0.2027486	0.20690064	-88.32403	1	1	1	2873
8	1	256	0.27624154	0.27624157	0.48317358	0.49306837	-56.454773	1	2	1	2964
8	1	255	0.24728689	0.2472869	0.43252903	0.4413867	-62.21034	1	1	1	2872
8	1	254	0.21565726	0.21565728	0.37720573	0.38493043	-68.49763	1	2	1	2963
8	1	253	0.31025136	0.31025133	0.54266006	0.55377305	-49.69436	1	1	1	2871
8	1	252	0.18531528	0.1853153	0.32413462	0.3307725	-74.52896	1	2	1	2962
8	1	251	0.06251042	0.06251042	0.10933686	0.111575946	-98.939926	1	1	1	2870
8	1	250	0.20154688	0.20154688	0.35252526	0.35974455	-71.30247	1	2	1	2961
8	1	249	0.024330158	0.024330158	0.04255583	0.043427322	-106.52934	1	1	1	2869
8	1	248	0.24579942	0.24579942	0.4299273	0.43873167	-62.506016	1	2	1	2960
8	1	247	0.20003721	0.20003721	0.34988472	0.3570499	-71.60256	1	1	1	2868
8	1	246	0.2521732	0.2521732	0.44107562	0.45010832	-61.23905	1	2	1	2959
8	1	245	0.07218397	0.07218396	0.12625684	0.12884241	-97.01704	1	1	1	2867
8	1	244	0.24527007	0.24527007	0.42900142	0.43778685	-62.61124	1	2	1	2958
8	1	243	0.07608228	0.07608228	0.13307537	0.1358006	-96.242134	1	1	1	2866
8	1	242	0.2387586	0.2387586	0.41761222	0.4261644	-63.90558	1	2	1	2957
8	1	241	0.4008602	0.4008602	0.7011438	0.7155024	-31.683268	1	1	1	2865
8	1	224	0.12805426	0.12805426	0.22397946	0.22856627	-85.911224	1	2	1	2956
8	1	223	0.06802342	0.06802342	0.11897963	0.12141619	-97.84406	1	1	1	2864
8	1	222	0.23088026	0.23088026	0.40383223	0.41210222	-65.47163	1	2	1	2955
8	1	221	0.13484167	0.13484167	0.2358513	0.24068125	-84.562035	1	1	1	2863
8	1	220	0.14400688	0.14400688	0.25188214	0.25704038	-82.74019	1	2	1	2954
8	1	219	0.5408004	0.5408004	0.94591296	0.96528405	-3.866163	1	1	1	2862
8	1	218	0.049033966	0.049033966	0.08576521	0.08752158	-101.61876	1	2	1	2953
8	1	217	0.35392678	0.35392678	0.61905265	0.6317301	-41.012623	1	1	1	2861
8	1	216	0.07949586	0.079495855	0.13904606	0.14189355	-95.56359	1	2	1	2952
8	1	215	0.10696654	0.10696655	0.18709497	0.19092645	-90.103004	1	1	1	2860
8	1	214	0.4177677	0.4177677	0.7307167	0.74568087	-28.322418	1	2	1	2951
8	1	213	0.1259869	0.1259869	0.22036345	0.22487622	-86.32217	1	1	1	2859
8	1	212	0.12211582	0.12211582	0.21359256	0.21796666	-87.09166	1	2	1	2950
8	1	211	0.21906087	0.21906087	0.38315895	0.39100558	-67.82107	1	1	1	2858
8	1	210	0.33336145	0.33336148	0.5830819	0.5950227	-45.100563	1	2	1	2949
8	1	209	0.2298587	0.22985868	0.4020454	0.4102788	-65.67469	1	1	1	2857
8	1	192	0.09895391	0.09895391	0.1730801	0.17662457	-91.69575	1	2	1	2948
8	1	191	0.16493252	0.16493252	0.28848314	0.29439095	-78.58062	1	1	1	2856
8	1	190	0.40659568	0.40659568	0.71117574	0.7257397	-30.543177	1	2	1	2947
8	1	189	0.2159172	0.2159172	0.37766036	0.3853944	-68.44596	1	1	1	2855
8	1	188	0.257216	0.257216	0.449896	0.45910934	-60.236645	1	2	1	2946
8	1	187	0.23734795	0.23734795	0.41514483	0.42364648	-64.18599	1	1	1	2854
8	1	186	0.12546727	0.12546727	0.21945457	0.22394873	-86.42546	1	2	1	2945
8	1	185	0.21033764	0.21033764	0.36790115	0.37543532	-69.55505	1	1	1	2853
8	1	184	0.28935933	0.28935936	0.5061179	0.51648253	-53.84724	1	2	1	2944
8	1	183	0.27633202	0.27633202	0.4833318	0.49322984	-56.43679	1	1	1	2852
8	1	182	0.17117545	0.17117545	0.29940265	0.30553406	-77.33965	1	2	1	2943
8	1	181	0.16624029	0.16624029	0.29077056	0.29672518	-78.32066	1	1	1	2851
8	1	180	0.058999248	0.058999248	0.10319547	0.105308786	-99.63788	1	2	1	2942
8	1	179	0.1960681	0.1960681	0.34294233	0.34996536	-72.39153	1	1	1	2850
8	1	178	0.03350249	0.03350249	0.058599137	0.059799176	-104.706085	1	2	1	2941
8	1	177	0.31350225	0.31350225	0.5483462	0.5595756	-49.04815	1	1	1	2849
8	1	160	0.030131562	0.030131562	0.052703056	0.05378235	-105.37615	1	2	1	2940
8	1	159	0.2333085	0.23330851	0.40807945	0.4164364	-64.988945	1	1	1	2848
8	1	158	0.34995407	0.34995407	0.612104	0.6246391	-41.802315	1	2	1	2939
8	1	157	0.30232835	0.30232835	0.5288019	0.5396311	-51.26928	1	1	1	2847
8	1	156	0.29453748	0.29453748	0.5151749	0.5257251	-52.817936	1	2	1	2938
8	1	155	0.17723222	0.17723222	0.30999655	0.3163449	-76.135704	1	1	1	2846
8	1	154	0.14788711	0.14788711	0.25866908	0.2639663	-81.96888	1	2	1	2937
8	1	153	0.14791137	0.14791135	0.2587115	0.26400957	-81.96406	1	1	1	2845
8	1	152	0.13545555	0.13545555	0.23692504	0.24177696	-84.44001	1	2	1	2936
8	1	151	0.34712756	0.34712756	0.60716015	0.61959404	-42.36416	1	1	1	2844
8	1	150	0.10327281	0.10327281	0.18063428	0.18433344	-90.83724	1	2	1	2935
8	1	149	0.16153567	0.16153567	0.28254172	0.28832784	-79.25584	1	1	1	2843
8	1	148	0.15632984	0.15632984	0.27343625	0.27903587	-80.29064	1	2	1	2934
8	1	147	0.2116673	0.2116673	0.37022686	0.37780866	-69.29075	1	1	1	2842
8	1	146	0.3295256	0.3295256	0.5763726	0.588176	-45.86305	1	2	1	2933
8	1	145	0.1014772	0.1014772	0.17749357	0.18112843	-91.19417	1	1	1	2841
8	1	128	0.08384834	0.08384835	0.14665899	0.14966238	-94.69841	1	2	1	2932
8	1	127	0.3423525	0.3423525	0.59880817	0.611071	-43.313335	1	1	1	2840
8	1	126	0.20821811	0.20821811	0.36419392	0.37165216	-69.97637	1	2	1	2931
8	1	125	0.20518738	0.20518738	0.35889286	0.36624253	-70.57882	1	1	1	2839
8	1	124	0.3379293	0.3379293	0.59107155	0.60317594	-44.19257	1	2	1	2930
8	1	123	0.17364433	0.17364433	0.30372098	0.30994081	-76.8489	1	1	1	2838
8	1	122	0.045304067	0.04530407	0.07924126	0.08086403	-102.36018	1	2	1	2929
8	1	121	0.05978155	0.05978155	0.104563795	0.10670514	-99.48237	1	1	1	2837
8	1	120	0.081641436	0.08164143	0.14279887	0.14572322	-95.13709	1	2	1	2928
8	1	119	0.22572133	0.22572134	0.39480877	0.40289396	-66.49711	1	1	1	2836
8	1	118	0.14039496	0.14039496	0.24556454	0.2505934	-83.45816	1	2	1	2927
8	1	117	0.21367238	0.21367238	0.37373397	0.38138756	-68.89218	1	1	1	2835
8	1	116	0.010298752	0.010298752	0.018013528	0.018382423	-109.31849	1	2	1	2926
8	1	115	0.067734495	0.0677345	0.11847428	0.12090049	-97.9015	1	1	1	2834
8	1	114	0.06938855	0.06938855	0.12136738	0.123852834	-97.57271	1	2	1	2925
8	1	113	0.26592517	0.26592517	0.4651292	0.47465447	-58.50545	1	1	1	2833
8	1	96	0.10313799	0.10313799	0.18039846	0.1840928	-90.864044	1	2	1	2924
8	1	95	0.12897587	0.12897585	0.22559144	0.23021127	-85.72803	1	1	1	2832
8	1	94	0.2798813	0.2798813	0.48953983	0.499565	-55.73127	1	2	1	2923
8	1	93	0.19150138	0.19150138	0.3349547	0.34181416	-73.2993	1	1	1	2831
8	1	92	0.19032957	0.19032957	0.33290508	0.33972257	-73.532234	1	2	1	2922
8	1	91	0.5037679	0.5037679	0.8811395	0.8991841	-11.227426	1	1	1	2830
8	1	90	0.10055512	0.10055512	0.17588076	0.17948258	-91.377464	1	2	1	2921
8	1	89	0.27412087	0.27412087	0.4794643	0.4892831	-56.87632	1	1	1	2829
8	1	88	0.3233267	0.32332674	0.5655302	0.5771115	-47.095253	1	2	1	2920
8	1	87	0.10877654	0.10877654	0.19026084	0.19415714	-89.74322	1	1	1	2828
8	1	86	0.05276777	0.05276777	0.092296	0.094186105	-100.87656	1	2	1	2919
8	1	85	0.1272684	0.1272684	0.22260493	0.2271636	-86.06744	1	1	1	2827
8	1	84	0.5717232	0.5717232	1	1.0204787	2.280631	1	2	1	2918
8	1	83	0.2277908	0.2277908	0.39842847	0.4065878	-66.08574	1	1	1	2826
8	1	82	0.10641098	0.10641098	0.18612324	0.18993482	-90.21344	1	2	1	2917
8	1	81	0.11510191	0.11510191	0.20132454	0.2054474	-88.48587	1	1	1	2825
8	1	64	0.12247585	0.12247585	0.21422227	0.21860927	-87.02009	1	2	1	2916
8	1	63	0.10047084	0.10047084	0.17573336	0.17933215	-91.39421	1	1	1	2824
8	1	62	0.044699132	0.04469913	0.07818317	0.07978426	-102.48043	1	2	1	2915
8	1	61	0.3087744	0.3087744	0.54007673	0.55113685	-49.98794	1	1	1	2823
8	1	60	0.14753729	0.14753729	0.25805718	0.26334187	-82.038414	1	2	1	2914
8	1	59	0.19033699	0.19033699	0.33291805	0.3397358	-73.530754	1	1	1	2822
8	1	58	0.1197697	0.1197697	0.20948896	0.21377903	-87.558014	1	2	1	2913
8	1	57	0.26969534	0.2696953	0.4717236	0.4813839	-57.756023	1	1	1	2821
8	1	56	0.28649086	0.28649086	0.5011006	0.51136255	-54.417435	1	2	1	2912
8	1	55	0.21681055	0.21681055	0.37922293	0.38698894	-68.26838	1	1	1	2820
8	1	54	0.2476084	0.24760838	0.43309134	0.44196054	-62.14643	1	2	1	2911
8	1	53	0.14269905	0.14269905	0.24959463	0.25470603	-83.00015	1	1	1	2819
8	1	52	0.37830436	0.37830436	0.6616914	0.67524207	-36.16688	1	2	1	2910
8	1	51	0.20868754	0.20868754	0.36501497	0.37249002	-69.883064	1	1	1	2818
8	1	50	0.05493115	0.05493115	0.09607997	0.09804757	-100.446526	1	2	1	2909
8	1	49	0.14638302	0.14638302	0.25603825	0.2612816	-82.26786	1	1	1	2817
8	1	32	0.1498072	0.1498072	0.2620275	0.2673935	-81.587204	1	2	1	2908
8	1	31	0.18354218	0.18354218	0.32103327	0.32760763	-74.88142	1	1	1	2816
8	1	30	0.4005238	0.4005238	0.70055544	0.7149019	-31.750132	1	2	1	2907
8	1	29	0.14694375	0.14694376	0.25701904	0.26228246	-82.156395	1	1	1	2815
8	1	28	0.38011456	0.38011456	0.6648576	0.67847306	-35.807056	1	2	1	2906
8	1	27	0.24806365	0.24806367	0.4338877	0.44277316	-62.055935	1	1	1	2814
8	1	26	0.010560635	0.010560635	0.018471586	0.01884986	-109.26643	1	2	1	2905
8	1	25	0.4850416	0.4850416	0.84838533	0.8657592	-14.949815	1	1	1	2813
8	1	24	0.40879473	0.40879473	0.7150221	0.72966486	-30.10605	1	2	1	2904
8	1	23	0.29094708	0.29094708	0.508895	0.51931655	-53.531628	1	1	1	2812
8	1	22	0.1572717	0.1572717	0.27508363	0.280717	-80.103424	1	2	1	2903
8	1	21	0.11090231	0.11090231	0.19397902	0.19795147	-89.32066	1	1	1	2811
8	1	20	0.121414825	0.121414825	0.21236645	0.21671544	-87.231	1	2	1	2902
8	1	19	0.03302324	0.03302324	0.057760887	0.05894376	-104.801346	1	1	1	2810
8	1	18	0.08564027	0.08564027	0.14979324	0.15286082	-94.34222	1	2	1	2901
8	1	17	0.06886023	0.06886023	0.1204433	0.12290983	-97.67773	1	1	1	2809
