format	well	type	row	row.num	col	replicates	targets
1536	1536	4	AF	32	48	1	1
1536	1534	4	AD	30	48	1	1
1536	1532	4	AB	28	48	1	1
1536	1530	4	Z	26	48	1	1
1536	1528	4	X	24	48	1	1
1536	1526	4	V	22	48	1	1
1536	1524	4	T	20	48	1	1
1536	1522	4	R	18	48	1	1
1536	1520	4	P	16	48	1	1
1536	1518	4	N	14	48	1	1
1536	1516	4	L	12	48	1	1
1536	1514	4	J	10	48	1	1
1536	1512	4	H	8	48	1	1
1536	1510	4	F	6	48	1	1
1536	1508	4	D	4	48	1	1
1536	1506	4	B	2	48	1	1
1536	1472	4	AF	32	46	1	1
1536	1470	4	AD	30	46	1	1
1536	1468	4	AB	28	46	1	1
1536	1466	4	Z	26	46	1	1
1536	1464	4	X	24	46	1	1
1536	1462	4	V	22	46	1	1
1536	1460	4	T	20	46	1	1
1536	1458	4	R	18	46	1	1
1536	1456	4	P	16	46	1	1
1536	1454	4	N	14	46	1	1
1536	1452	4	L	12	46	1	1
1536	1450	4	J	10	46	1	1
1536	1448	4	H	8	46	1	1
1536	1446	4	F	6	46	1	1
1536	1444	4	D	4	46	1	1
1536	1442	4	B	2	46	1	1
1536	1408	4	AF	32	44	1	1
1536	1406	4	AD	30	44	1	1
1536	1404	4	AB	28	44	1	1
1536	1402	4	Z	26	44	1	1
1536	1400	4	X	24	44	1	1
1536	1398	4	V	22	44	1	1
1536	1396	4	T	20	44	1	1
1536	1394	4	R	18	44	1	1
1536	1392	4	P	16	44	1	1
1536	1390	4	N	14	44	1	1
1536	1388	4	L	12	44	1	1
1536	1386	4	J	10	44	1	1
1536	1384	4	H	8	44	1	1
1536	1382	4	F	6	44	1	1
1536	1380	4	D	4	44	1	1
1536	1378	4	B	2	44	1	1
1536	1344	4	AF	32	42	1	1
1536	1342	4	AD	30	42	1	1
1536	1340	4	AB	28	42	1	1
1536	1338	4	Z	26	42	1	1
1536	1336	4	X	24	42	1	1
1536	1334	4	V	22	42	1	1
1536	1332	4	T	20	42	1	1
1536	1330	4	R	18	42	1	1
1536	1328	4	P	16	42	1	1
1536	1326	4	N	14	42	1	1
1536	1324	4	L	12	42	1	1
1536	1322	4	J	10	42	1	1
1536	1320	4	H	8	42	1	1
1536	1318	4	F	6	42	1	1
1536	1316	4	D	4	42	1	1
1536	1314	4	B	2	42	1	1
1536	1280	4	AF	32	40	1	1
1536	1278	4	AD	30	40	1	1
1536	1276	4	AB	28	40	1	1
1536	1274	4	Z	26	40	1	1
1536	1272	4	X	24	40	1	1
1536	1270	4	V	22	40	1	1
1536	1268	4	T	20	40	1	1
1536	1266	4	R	18	40	1	1
1536	1264	4	P	16	40	1	1
1536	1262	4	N	14	40	1	1
1536	1260	4	L	12	40	1	1
1536	1258	4	J	10	40	1	1
1536	1256	4	H	8	40	1	1
1536	1254	4	F	6	40	1	1
1536	1252	4	D	4	40	1	1
1536	1250	4	B	2	40	1	1
1536	1216	4	AF	32	38	1	1
1536	1214	4	AD	30	38	1	1
1536	1212	4	AB	28	38	1	1
1536	1210	4	Z	26	38	1	1
1536	1208	4	X	24	38	1	1
1536	1206	4	V	22	38	1	1
1536	1204	4	T	20	38	1	1
1536	1202	4	R	18	38	1	1
1536	1200	4	P	16	38	1	1
1536	1198	4	N	14	38	1	1
1536	1196	4	L	12	38	1	1
1536	1194	4	J	10	38	1	1
1536	1192	4	H	8	38	1	1
1536	1190	4	F	6	38	1	1
1536	1188	4	D	4	38	1	1
1536	1186	4	B	2	38	1	1
1536	1152	4	AF	32	36	1	1
1536	1150	4	AD	30	36	1	1
1536	1148	4	AB	28	36	1	1
1536	1146	4	Z	26	36	1	1
1536	1144	4	X	24	36	1	1
1536	1142	4	V	22	36	1	1
1536	1140	4	T	20	36	1	1
1536	1138	4	R	18	36	1	1
1536	1136	4	P	16	36	1	1
1536	1134	4	N	14	36	1	1
1536	1132	4	L	12	36	1	1
1536	1130	4	J	10	36	1	1
1536	1128	4	H	8	36	1	1
1536	1126	4	F	6	36	1	1
1536	1124	4	D	4	36	1	1
1536	1122	4	B	2	36	1	1
1536	1088	4	AF	32	34	1	1
1536	1086	4	AD	30	34	1	1
1536	1084	4	AB	28	34	1	1
1536	1082	4	Z	26	34	1	1
1536	1080	4	X	24	34	1	1
1536	1078	4	V	22	34	1	1
1536	1076	4	T	20	34	1	1
1536	1074	4	R	18	34	1	1
1536	1072	4	P	16	34	1	1
1536	1070	4	N	14	34	1	1
1536	1068	4	L	12	34	1	1
1536	1066	4	J	10	34	1	1
1536	1064	4	H	8	34	1	1
1536	1062	4	F	6	34	1	1
1536	1060	4	D	4	34	1	1
1536	1058	4	B	2	34	1	1
1536	1024	4	AF	32	32	1	1
1536	1022	4	AD	30	32	1	1
1536	1020	4	AB	28	32	1	1
1536	1018	4	Z	26	32	1	1
1536	1016	4	X	24	32	1	1
1536	1014	4	V	22	32	1	1
1536	1012	4	T	20	32	1	1
1536	1010	4	R	18	32	1	1
1536	1008	4	P	16	32	1	1
1536	1006	4	N	14	32	1	1
1536	1004	4	L	12	32	1	1
1536	1002	4	J	10	32	1	1
1536	1000	4	H	8	32	1	1
1536	998	4	F	6	32	1	1
1536	996	4	D	4	32	1	1
1536	994	4	B	2	32	1	1
1536	960	4	AF	32	30	1	1
1536	958	4	AD	30	30	1	1
1536	956	4	AB	28	30	1	1
1536	954	4	Z	26	30	1	1
1536	952	4	X	24	30	1	1
1536	950	4	V	22	30	1	1
1536	948	4	T	20	30	1	1
1536	946	4	R	18	30	1	1
1536	944	4	P	16	30	1	1
1536	942	4	N	14	30	1	1
1536	940	4	L	12	30	1	1
1536	938	4	J	10	30	1	1
1536	936	4	H	8	30	1	1
1536	934	4	F	6	30	1	1
1536	932	4	D	4	30	1	1
1536	930	4	B	2	30	1	1
1536	896	4	AF	32	28	1	1
1536	894	4	AD	30	28	1	1
1536	892	4	AB	28	28	1	1
1536	890	4	Z	26	28	1	1
1536	888	4	X	24	28	1	1
1536	886	4	V	22	28	1	1
1536	884	4	T	20	28	1	1
1536	882	4	R	18	28	1	1
1536	880	4	P	16	28	1	1
1536	878	4	N	14	28	1	1
1536	876	4	L	12	28	1	1
1536	874	4	J	10	28	1	1
1536	872	4	H	8	28	1	1
1536	870	4	F	6	28	1	1
1536	868	4	D	4	28	1	1
1536	866	4	B	2	28	1	1
1536	832	4	AF	32	26	1	1
1536	830	4	AD	30	26	1	1
1536	828	4	AB	28	26	1	1
1536	826	4	Z	26	26	1	1
1536	824	4	X	24	26	1	1
1536	822	4	V	22	26	1	1
1536	820	4	T	20	26	1	1
1536	818	4	R	18	26	1	1
1536	816	4	P	16	26	1	1
1536	814	4	N	14	26	1	1
1536	812	4	L	12	26	1	1
1536	810	4	J	10	26	1	1
1536	808	4	H	8	26	1	1
1536	806	4	F	6	26	1	1
1536	804	4	D	4	26	1	1
1536	802	4	B	2	26	1	1
1536	768	4	AF	32	24	1	1
1536	766	4	AD	30	24	1	1
1536	764	4	AB	28	24	1	1
1536	762	4	Z	26	24	1	1
1536	760	4	X	24	24	1	1
1536	758	4	V	22	24	1	1
1536	756	4	T	20	24	1	1
1536	754	4	R	18	24	1	1
1536	752	4	P	16	24	1	1
1536	750	4	N	14	24	1	1
1536	748	4	L	12	24	1	1
1536	746	4	J	10	24	1	1
1536	744	4	H	8	24	1	1
1536	742	4	F	6	24	1	1
1536	740	4	D	4	24	1	1
1536	738	4	B	2	24	1	1
1536	704	4	AF	32	22	1	1
1536	702	4	AD	30	22	1	1
1536	700	4	AB	28	22	1	1
1536	698	4	Z	26	22	1	1
1536	696	4	X	24	22	1	1
1536	694	4	V	22	22	1	1
1536	692	4	T	20	22	1	1
1536	690	4	R	18	22	1	1
1536	688	4	P	16	22	1	1
1536	686	4	N	14	22	1	1
1536	684	4	L	12	22	1	1
1536	682	4	J	10	22	1	1
1536	680	4	H	8	22	1	1
1536	678	4	F	6	22	1	1
1536	676	4	D	4	22	1	1
1536	674	4	B	2	22	1	1
1536	640	4	AF	32	20	1	1
1536	638	4	AD	30	20	1	1
1536	636	4	AB	28	20	1	1
1536	634	4	Z	26	20	1	1
1536	632	4	X	24	20	1	1
1536	630	4	V	22	20	1	1
1536	628	4	T	20	20	1	1
1536	626	4	R	18	20	1	1
1536	624	4	P	16	20	1	1
1536	622	4	N	14	20	1	1
1536	620	4	L	12	20	1	1
1536	618	4	J	10	20	1	1
1536	616	4	H	8	20	1	1
1536	614	4	F	6	20	1	1
1536	612	4	D	4	20	1	1
1536	610	4	B	2	20	1	1
1536	576	4	AF	32	18	1	1
1536	574	4	AD	30	18	1	1
1536	572	4	AB	28	18	1	1
1536	570	4	Z	26	18	1	1
1536	568	4	X	24	18	1	1
1536	566	4	V	22	18	1	1
1536	564	4	T	20	18	1	1
1536	562	4	R	18	18	1	1
1536	560	4	P	16	18	1	1
1536	558	4	N	14	18	1	1
1536	556	4	L	12	18	1	1
1536	554	4	J	10	18	1	1
1536	552	4	H	8	18	1	1
1536	550	4	F	6	18	1	1
1536	548	4	D	4	18	1	1
1536	546	4	B	2	18	1	1
1536	512	4	AF	32	16	1	1
1536	510	4	AD	30	16	1	1
1536	508	4	AB	28	16	1	1
1536	506	4	Z	26	16	1	1
1536	504	4	X	24	16	1	1
1536	502	4	V	22	16	1	1
1536	500	4	T	20	16	1	1
1536	498	4	R	18	16	1	1
1536	496	4	P	16	16	1	1
1536	494	4	N	14	16	1	1
1536	492	4	L	12	16	1	1
1536	490	4	J	10	16	1	1
1536	488	4	H	8	16	1	1
1536	486	4	F	6	16	1	1
1536	484	4	D	4	16	1	1
1536	482	4	B	2	16	1	1
1536	448	4	AF	32	14	1	1
1536	446	4	AD	30	14	1	1
1536	444	4	AB	28	14	1	1
1536	442	4	Z	26	14	1	1
1536	440	4	X	24	14	1	1
1536	438	4	V	22	14	1	1
1536	436	4	T	20	14	1	1
1536	434	4	R	18	14	1	1
1536	432	4	P	16	14	1	1
1536	430	4	N	14	14	1	1
1536	428	4	L	12	14	1	1
1536	426	4	J	10	14	1	1
1536	424	4	H	8	14	1	1
1536	422	4	F	6	14	1	1
1536	420	4	D	4	14	1	1
1536	418	4	B	2	14	1	1
1536	384	4	AF	32	12	1	1
1536	382	4	AD	30	12	1	1
1536	380	4	AB	28	12	1	1
1536	378	4	Z	26	12	1	1
1536	376	4	X	24	12	1	1
1536	374	4	V	22	12	1	1
1536	372	4	T	20	12	1	1
1536	370	4	R	18	12	1	1
1536	368	4	P	16	12	1	1
1536	366	4	N	14	12	1	1
1536	364	4	L	12	12	1	1
1536	362	4	J	10	12	1	1
1536	360	4	H	8	12	1	1
1536	358	4	F	6	12	1	1
1536	356	4	D	4	12	1	1
1536	354	4	B	2	12	1	1
1536	320	4	AF	32	10	1	1
1536	318	4	AD	30	10	1	1
1536	316	4	AB	28	10	1	1
1536	314	4	Z	26	10	1	1
1536	312	4	X	24	10	1	1
1536	310	4	V	22	10	1	1
1536	308	4	T	20	10	1	1
1536	306	4	R	18	10	1	1
1536	304	4	P	16	10	1	1
1536	302	4	N	14	10	1	1
1536	300	4	L	12	10	1	1
1536	298	4	J	10	10	1	1
1536	296	4	H	8	10	1	1
1536	294	4	F	6	10	1	1
1536	292	4	D	4	10	1	1
1536	290	4	B	2	10	1	1
1536	256	4	AF	32	8	1	1
1536	254	4	AD	30	8	1	1
1536	252	4	AB	28	8	1	1
1536	250	4	Z	26	8	1	1
1536	248	4	X	24	8	1	1
1536	246	4	V	22	8	1	1
1536	244	4	T	20	8	1	1
1536	242	4	R	18	8	1	1
1536	240	4	P	16	8	1	1
1536	238	4	N	14	8	1	1
1536	236	4	L	12	8	1	1
1536	234	4	J	10	8	1	1
1536	232	4	H	8	8	1	1
1536	230	4	F	6	8	1	1
1536	228	4	D	4	8	1	1
1536	226	4	B	2	8	1	1
1536	192	4	AF	32	6	1	1
1536	190	4	AD	30	6	1	1
1536	188	4	AB	28	6	1	1
1536	186	4	Z	26	6	1	1
1536	184	4	X	24	6	1	1
1536	182	4	V	22	6	1	1
1536	180	4	T	20	6	1	1
1536	178	4	R	18	6	1	1
1536	176	4	P	16	6	1	1
1536	174	4	N	14	6	1	1
1536	172	4	L	12	6	1	1
1536	170	4	J	10	6	1	1
1536	168	4	H	8	6	1	1
1536	166	4	F	6	6	1	1
1536	164	4	D	4	6	1	1
1536	162	4	B	2	6	1	1
1536	128	4	AF	32	4	1	1
1536	126	4	AD	30	4	1	1
1536	124	4	AB	28	4	1	1
1536	122	4	Z	26	4	1	1
1536	120	4	X	24	4	1	1
1536	118	4	V	22	4	1	1
1536	116	4	T	20	4	1	1
1536	114	4	R	18	4	1	1
1536	112	4	P	16	4	1	1
1536	110	4	N	14	4	1	1
1536	108	4	L	12	4	1	1
1536	106	4	J	10	4	1	1
1536	104	4	H	8	4	1	1
1536	102	4	F	6	4	1	1
1536	100	4	D	4	4	1	1
1536	98	4	B	2	4	1	1
1536	64	4	AF	32	2	1	1
1536	62	4	AD	30	2	1	1
1536	60	4	AB	28	2	1	1
1536	58	4	Z	26	2	1	1
1536	56	4	X	24	2	1	1
1536	54	4	V	22	2	1	1
1536	52	4	T	20	2	1	1
1536	50	4	R	18	2	1	1
1536	48	4	P	16	2	1	1
1536	46	4	N	14	2	1	1
1536	44	4	L	12	2	1	1
1536	42	4	J	10	2	1	1
1536	40	4	H	8	2	1	1
1536	38	4	F	6	2	1	1
1536	36	4	D	4	2	1	1
1536	34	4	B	2	2	1	1
1536	1504	4	AF	32	47	1	1
1536	1502	4	AD	30	47	1	1
1536	1500	4	AB	28	47	1	1
1536	1498	4	Z	26	47	1	1
1536	1496	4	X	24	47	1	1
1536	1494	4	V	22	47	1	1
1536	1492	4	T	20	47	1	1
1536	1490	4	R	18	47	1	1
1536	1488	4	P	16	47	1	1
1536	1486	4	N	14	47	1	1
1536	1484	4	L	12	47	1	1
1536	1482	4	J	10	47	1	1
1536	1480	4	H	8	47	1	1
1536	1478	4	F	6	47	1	1
1536	1476	4	D	4	47	1	1
1536	1474	4	B	2	47	1	1
1536	1440	4	AF	32	45	1	1
1536	1438	4	AD	30	45	1	1
1536	1436	4	AB	28	45	1	1
1536	1434	4	Z	26	45	1	1
1536	1432	4	X	24	45	1	1
1536	1430	4	V	22	45	1	1
1536	1428	4	T	20	45	1	1
1536	1426	4	R	18	45	1	1
1536	1424	4	P	16	45	1	1
1536	1422	4	N	14	45	1	1
1536	1420	4	L	12	45	1	1
1536	1418	4	J	10	45	1	1
1536	1416	4	H	8	45	1	1
1536	1414	4	F	6	45	1	1
1536	1412	4	D	4	45	1	1
1536	1410	4	B	2	45	1	1
1536	1376	4	AF	32	43	1	1
1536	1374	4	AD	30	43	1	1
1536	1372	4	AB	28	43	1	1
1536	1370	4	Z	26	43	1	1
1536	1368	4	X	24	43	1	1
1536	1366	4	V	22	43	1	1
1536	1364	4	T	20	43	1	1
1536	1362	4	R	18	43	1	1
1536	1360	4	P	16	43	1	1
1536	1358	4	N	14	43	1	1
1536	1356	4	L	12	43	1	1
1536	1354	4	J	10	43	1	1
1536	1352	4	H	8	43	1	1
1536	1350	4	F	6	43	1	1
1536	1348	4	D	4	43	1	1
1536	1346	4	B	2	43	1	1
1536	1312	4	AF	32	41	1	1
1536	1310	4	AD	30	41	1	1
1536	1308	4	AB	28	41	1	1
1536	1306	4	Z	26	41	1	1
1536	1304	4	X	24	41	1	1
1536	1302	4	V	22	41	1	1
1536	1300	4	T	20	41	1	1
1536	1298	4	R	18	41	1	1
1536	1296	4	P	16	41	1	1
1536	1294	4	N	14	41	1	1
1536	1292	4	L	12	41	1	1
1536	1290	4	J	10	41	1	1
1536	1288	4	H	8	41	1	1
1536	1286	4	F	6	41	1	1
1536	1284	4	D	4	41	1	1
1536	1282	4	B	2	41	1	1
1536	1248	4	AF	32	39	1	1
1536	1246	4	AD	30	39	1	1
1536	1244	4	AB	28	39	1	1
1536	1242	4	Z	26	39	1	1
1536	1240	4	X	24	39	1	1
1536	1238	4	V	22	39	1	1
1536	1236	4	T	20	39	1	1
1536	1234	4	R	18	39	1	1
1536	1232	4	P	16	39	1	1
1536	1230	4	N	14	39	1	1
1536	1228	4	L	12	39	1	1
1536	1226	4	J	10	39	1	1
1536	1224	4	H	8	39	1	1
1536	1222	4	F	6	39	1	1
1536	1220	4	D	4	39	1	1
1536	1218	4	B	2	39	1	1
1536	1184	4	AF	32	37	1	1
1536	1182	4	AD	30	37	1	1
1536	1180	4	AB	28	37	1	1
1536	1178	4	Z	26	37	1	1
1536	1176	4	X	24	37	1	1
1536	1174	4	V	22	37	1	1
1536	1172	4	T	20	37	1	1
1536	1170	4	R	18	37	1	1
1536	1168	4	P	16	37	1	1
1536	1166	4	N	14	37	1	1
1536	1164	4	L	12	37	1	1
1536	1162	4	J	10	37	1	1
1536	1160	4	H	8	37	1	1
1536	1158	4	F	6	37	1	1
1536	1156	4	D	4	37	1	1
1536	1154	4	B	2	37	1	1
1536	1120	4	AF	32	35	1	1
1536	1118	4	AD	30	35	1	1
1536	1116	4	AB	28	35	1	1
1536	1114	4	Z	26	35	1	1
1536	1112	4	X	24	35	1	1
1536	1110	4	V	22	35	1	1
1536	1108	4	T	20	35	1	1
1536	1106	4	R	18	35	1	1
1536	1104	4	P	16	35	1	1
1536	1102	4	N	14	35	1	1
1536	1100	4	L	12	35	1	1
1536	1098	4	J	10	35	1	1
1536	1096	4	H	8	35	1	1
1536	1094	4	F	6	35	1	1
1536	1092	4	D	4	35	1	1
1536	1090	4	B	2	35	1	1
1536	1056	4	AF	32	33	1	1
1536	1054	4	AD	30	33	1	1
1536	1052	4	AB	28	33	1	1
1536	1050	4	Z	26	33	1	1
1536	1048	4	X	24	33	1	1
1536	1046	4	V	22	33	1	1
1536	1044	4	T	20	33	1	1
1536	1042	4	R	18	33	1	1
1536	1040	4	P	16	33	1	1
1536	1038	4	N	14	33	1	1
1536	1036	4	L	12	33	1	1
1536	1034	4	J	10	33	1	1
1536	1032	4	H	8	33	1	1
1536	1030	4	F	6	33	1	1
1536	1028	4	D	4	33	1	1
1536	1026	4	B	2	33	1	1
1536	992	4	AF	32	31	1	1
1536	990	4	AD	30	31	1	1
1536	988	4	AB	28	31	1	1
1536	986	4	Z	26	31	1	1
1536	984	4	X	24	31	1	1
1536	982	4	V	22	31	1	1
1536	980	4	T	20	31	1	1
1536	978	4	R	18	31	1	1
1536	976	4	P	16	31	1	1
1536	974	4	N	14	31	1	1
1536	972	4	L	12	31	1	1
1536	970	4	J	10	31	1	1
1536	968	4	H	8	31	1	1
1536	966	4	F	6	31	1	1
1536	964	4	D	4	31	1	1
1536	962	4	B	2	31	1	1
1536	928	4	AF	32	29	1	1
1536	926	4	AD	30	29	1	1
1536	924	4	AB	28	29	1	1
1536	922	4	Z	26	29	1	1
1536	920	4	X	24	29	1	1
1536	918	4	V	22	29	1	1
1536	916	4	T	20	29	1	1
1536	914	4	R	18	29	1	1
1536	912	4	P	16	29	1	1
1536	910	4	N	14	29	1	1
1536	908	4	L	12	29	1	1
1536	906	4	J	10	29	1	1
1536	904	4	H	8	29	1	1
1536	902	4	F	6	29	1	1
1536	900	4	D	4	29	1	1
1536	898	4	B	2	29	1	1
1536	864	4	AF	32	27	1	1
1536	862	4	AD	30	27	1	1
1536	860	4	AB	28	27	1	1
1536	858	4	Z	26	27	1	1
1536	856	4	X	24	27	1	1
1536	854	4	V	22	27	1	1
1536	852	4	T	20	27	1	1
1536	850	4	R	18	27	1	1
1536	848	4	P	16	27	1	1
1536	846	4	N	14	27	1	1
1536	844	4	L	12	27	1	1
1536	842	4	J	10	27	1	1
1536	840	4	H	8	27	1	1
1536	838	4	F	6	27	1	1
1536	836	4	D	4	27	1	1
1536	834	4	B	2	27	1	1
1536	800	4	AF	32	25	1	1
1536	798	4	AD	30	25	1	1
1536	796	4	AB	28	25	1	1
1536	794	4	Z	26	25	1	1
1536	792	4	X	24	25	1	1
1536	790	4	V	22	25	1	1
1536	788	4	T	20	25	1	1
1536	786	4	R	18	25	1	1
1536	784	4	P	16	25	1	1
1536	782	4	N	14	25	1	1
1536	780	4	L	12	25	1	1
1536	778	4	J	10	25	1	1
1536	776	4	H	8	25	1	1
1536	774	4	F	6	25	1	1
1536	772	4	D	4	25	1	1
1536	770	4	B	2	25	1	1
1536	736	4	AF	32	23	1	1
1536	734	4	AD	30	23	1	1
1536	732	4	AB	28	23	1	1
1536	730	4	Z	26	23	1	1
1536	728	4	X	24	23	1	1
1536	726	4	V	22	23	1	1
1536	724	4	T	20	23	1	1
1536	722	4	R	18	23	1	1
1536	720	4	P	16	23	1	1
1536	718	4	N	14	23	1	1
1536	716	4	L	12	23	1	1
1536	714	4	J	10	23	1	1
1536	712	4	H	8	23	1	1
1536	710	4	F	6	23	1	1
1536	708	4	D	4	23	1	1
1536	706	4	B	2	23	1	1
1536	672	4	AF	32	21	1	1
1536	670	4	AD	30	21	1	1
1536	668	4	AB	28	21	1	1
1536	666	4	Z	26	21	1	1
1536	664	4	X	24	21	1	1
1536	662	4	V	22	21	1	1
1536	660	4	T	20	21	1	1
1536	658	4	R	18	21	1	1
1536	656	4	P	16	21	1	1
1536	654	4	N	14	21	1	1
1536	652	4	L	12	21	1	1
1536	650	4	J	10	21	1	1
1536	648	4	H	8	21	1	1
1536	646	4	F	6	21	1	1
1536	644	4	D	4	21	1	1
1536	642	4	B	2	21	1	1
1536	608	4	AF	32	19	1	1
1536	606	4	AD	30	19	1	1
1536	604	4	AB	28	19	1	1
1536	602	4	Z	26	19	1	1
1536	600	4	X	24	19	1	1
1536	598	4	V	22	19	1	1
1536	596	4	T	20	19	1	1
1536	594	4	R	18	19	1	1
1536	592	4	P	16	19	1	1
1536	590	4	N	14	19	1	1
1536	588	4	L	12	19	1	1
1536	586	4	J	10	19	1	1
1536	584	4	H	8	19	1	1
1536	582	4	F	6	19	1	1
1536	580	4	D	4	19	1	1
1536	578	4	B	2	19	1	1
1536	544	4	AF	32	17	1	1
1536	542	4	AD	30	17	1	1
1536	540	4	AB	28	17	1	1
1536	538	4	Z	26	17	1	1
1536	536	4	X	24	17	1	1
1536	534	4	V	22	17	1	1
1536	532	4	T	20	17	1	1
1536	530	4	R	18	17	1	1
1536	528	4	P	16	17	1	1
1536	526	4	N	14	17	1	1
1536	524	4	L	12	17	1	1
1536	522	4	J	10	17	1	1
1536	520	4	H	8	17	1	1
1536	518	4	F	6	17	1	1
1536	516	4	D	4	17	1	1
1536	514	4	B	2	17	1	1
1536	480	4	AF	32	15	1	1
1536	478	4	AD	30	15	1	1
1536	476	4	AB	28	15	1	1
1536	474	4	Z	26	15	1	1
1536	472	4	X	24	15	1	1
1536	470	4	V	22	15	1	1
1536	468	4	T	20	15	1	1
1536	466	4	R	18	15	1	1
1536	464	4	P	16	15	1	1
1536	462	4	N	14	15	1	1
1536	460	4	L	12	15	1	1
1536	458	4	J	10	15	1	1
1536	456	4	H	8	15	1	1
1536	454	4	F	6	15	1	1
1536	452	4	D	4	15	1	1
1536	450	4	B	2	15	1	1
1536	416	4	AF	32	13	1	1
1536	414	4	AD	30	13	1	1
1536	412	4	AB	28	13	1	1
1536	410	4	Z	26	13	1	1
1536	408	4	X	24	13	1	1
1536	406	4	V	22	13	1	1
1536	404	4	T	20	13	1	1
1536	402	4	R	18	13	1	1
1536	400	4	P	16	13	1	1
1536	398	4	N	14	13	1	1
1536	396	4	L	12	13	1	1
1536	394	4	J	10	13	1	1
1536	392	4	H	8	13	1	1
1536	390	4	F	6	13	1	1
1536	388	4	D	4	13	1	1
1536	386	4	B	2	13	1	1
1536	352	4	AF	32	11	1	1
1536	350	4	AD	30	11	1	1
1536	348	4	AB	28	11	1	1
1536	346	4	Z	26	11	1	1
1536	344	4	X	24	11	1	1
1536	342	4	V	22	11	1	1
1536	340	4	T	20	11	1	1
1536	338	4	R	18	11	1	1
1536	336	4	P	16	11	1	1
1536	334	4	N	14	11	1	1
1536	332	4	L	12	11	1	1
1536	330	4	J	10	11	1	1
1536	328	4	H	8	11	1	1
1536	326	4	F	6	11	1	1
1536	324	4	D	4	11	1	1
1536	322	4	B	2	11	1	1
1536	288	4	AF	32	9	1	1
1536	286	4	AD	30	9	1	1
1536	284	4	AB	28	9	1	1
1536	282	4	Z	26	9	1	1
1536	280	4	X	24	9	1	1
1536	278	4	V	22	9	1	1
1536	276	4	T	20	9	1	1
1536	274	4	R	18	9	1	1
1536	272	4	P	16	9	1	1
1536	270	4	N	14	9	1	1
1536	268	4	L	12	9	1	1
1536	266	4	J	10	9	1	1
1536	264	4	H	8	9	1	1
1536	262	4	F	6	9	1	1
1536	260	4	D	4	9	1	1
1536	258	4	B	2	9	1	1
1536	224	4	AF	32	7	1	1
1536	222	4	AD	30	7	1	1
1536	220	4	AB	28	7	1	1
1536	218	4	Z	26	7	1	1
1536	216	4	X	24	7	1	1
1536	214	4	V	22	7	1	1
1536	212	4	T	20	7	1	1
1536	210	4	R	18	7	1	1
1536	208	4	P	16	7	1	1
1536	206	4	N	14	7	1	1
1536	204	4	L	12	7	1	1
1536	202	4	J	10	7	1	1
1536	200	4	H	8	7	1	1
1536	198	4	F	6	7	1	1
1536	196	4	D	4	7	1	1
1536	194	4	B	2	7	1	1
1536	160	4	AF	32	5	1	1
1536	158	4	AD	30	5	1	1
1536	156	4	AB	28	5	1	1
1536	154	4	Z	26	5	1	1
1536	152	4	X	24	5	1	1
1536	150	4	V	22	5	1	1
1536	148	4	T	20	5	1	1
1536	146	4	R	18	5	1	1
1536	144	4	P	16	5	1	1
1536	142	4	N	14	5	1	1
1536	140	4	L	12	5	1	1
1536	138	4	J	10	5	1	1
1536	136	4	H	8	5	1	1
1536	134	4	F	6	5	1	1
1536	132	4	D	4	5	1	1
1536	130	4	B	2	5	1	1
1536	96	4	AF	32	3	1	1
1536	94	4	AD	30	3	1	1
1536	92	4	AB	28	3	1	1
1536	90	4	Z	26	3	1	1
1536	88	4	X	24	3	1	1
1536	86	4	V	22	3	1	1
1536	84	4	T	20	3	1	1
1536	82	4	R	18	3	1	1
1536	80	4	P	16	3	1	1
1536	78	4	N	14	3	1	1
1536	76	4	L	12	3	1	1
1536	74	4	J	10	3	1	1
1536	72	4	H	8	3	1	1
1536	70	4	F	6	3	1	1
1536	68	4	D	4	3	1	1
1536	66	4	B	2	3	1	1
1536	32	4	AF	32	1	1	1
1536	30	4	AD	30	1	1	1
1536	28	4	AB	28	1	1	1
1536	26	4	Z	26	1	1	1
1536	24	4	X	24	1	1	1
1536	22	4	V	22	1	1	1
1536	20	4	T	20	1	1	1
1536	18	4	R	18	1	1	1
1536	16	4	P	16	1	1	1
1536	14	4	N	14	1	1	1
1536	12	4	L	12	1	1	1
1536	10	4	J	10	1	1	1
1536	8	4	H	8	1	1	1
1536	6	4	F	6	1	1	1
1536	4	4	D	4	1	1	1
1536	2	4	B	2	1	1	1
1536	1535	4	AE	31	48	1	1
1536	1533	4	AC	29	48	1	1
1536	1531	4	AA	27	48	1	1
1536	1529	4	Y	25	48	1	1
1536	1527	4	W	23	48	1	1
1536	1525	4	U	21	48	1	1
1536	1523	4	S	19	48	1	1
1536	1521	4	Q	17	48	1	1
1536	1519	4	O	15	48	1	1
1536	1517	4	M	13	48	1	1
1536	1515	4	K	11	48	1	1
1536	1513	4	I	9	48	1	1
1536	1511	4	G	7	48	1	1
1536	1509	4	E	5	48	1	1
1536	1507	4	C	3	48	1	1
1536	1505	4	A	1	48	1	1
1536	1471	4	AE	31	46	1	1
1536	1469	4	AC	29	46	1	1
1536	1467	4	AA	27	46	1	1
1536	1465	4	Y	25	46	1	1
1536	1463	4	W	23	46	1	1
1536	1461	4	U	21	46	1	1
1536	1459	4	S	19	46	1	1
1536	1457	4	Q	17	46	1	1
1536	1455	4	O	15	46	1	1
1536	1453	4	M	13	46	1	1
1536	1451	4	K	11	46	1	1
1536	1449	4	I	9	46	1	1
1536	1447	4	G	7	46	1	1
1536	1445	4	E	5	46	1	1
1536	1443	4	C	3	46	1	1
1536	1441	4	A	1	46	1	1
1536	1407	4	AE	31	44	1	1
1536	1405	4	AC	29	44	1	1
1536	1403	4	AA	27	44	1	1
1536	1401	4	Y	25	44	1	1
1536	1399	4	W	23	44	1	1
1536	1397	4	U	21	44	1	1
1536	1395	4	S	19	44	1	1
1536	1393	4	Q	17	44	1	1
1536	1391	4	O	15	44	1	1
1536	1389	4	M	13	44	1	1
1536	1387	4	K	11	44	1	1
1536	1385	4	I	9	44	1	1
1536	1383	4	G	7	44	1	1
1536	1381	4	E	5	44	1	1
1536	1379	4	C	3	44	1	1
1536	1377	4	A	1	44	1	1
1536	1343	4	AE	31	42	1	1
1536	1341	4	AC	29	42	1	1
1536	1339	4	AA	27	42	1	1
1536	1337	4	Y	25	42	1	1
1536	1335	4	W	23	42	1	1
1536	1333	4	U	21	42	1	1
1536	1331	4	S	19	42	1	1
1536	1329	4	Q	17	42	1	1
1536	1327	4	O	15	42	1	1
1536	1325	4	M	13	42	1	1
1536	1323	4	K	11	42	1	1
1536	1321	4	I	9	42	1	1
1536	1319	4	G	7	42	1	1
1536	1317	4	E	5	42	1	1
1536	1315	4	C	3	42	1	1
1536	1313	4	A	1	42	1	1
1536	1279	4	AE	31	40	1	1
1536	1277	4	AC	29	40	1	1
1536	1275	4	AA	27	40	1	1
1536	1273	4	Y	25	40	1	1
1536	1271	4	W	23	40	1	1
1536	1269	4	U	21	40	1	1
1536	1267	4	S	19	40	1	1
1536	1265	4	Q	17	40	1	1
1536	1263	4	O	15	40	1	1
1536	1261	4	M	13	40	1	1
1536	1259	4	K	11	40	1	1
1536	1257	4	I	9	40	1	1
1536	1255	4	G	7	40	1	1
1536	1253	4	E	5	40	1	1
1536	1251	4	C	3	40	1	1
1536	1249	4	A	1	40	1	1
1536	1215	4	AE	31	38	1	1
1536	1213	4	AC	29	38	1	1
1536	1211	4	AA	27	38	1	1
1536	1209	4	Y	25	38	1	1
1536	1207	4	W	23	38	1	1
1536	1205	4	U	21	38	1	1
1536	1203	4	S	19	38	1	1
1536	1201	4	Q	17	38	1	1
1536	1199	4	O	15	38	1	1
1536	1197	4	M	13	38	1	1
1536	1195	4	K	11	38	1	1
1536	1193	4	I	9	38	1	1
1536	1191	4	G	7	38	1	1
1536	1189	4	E	5	38	1	1
1536	1187	4	C	3	38	1	1
1536	1185	4	A	1	38	1	1
1536	1151	4	AE	31	36	1	1
1536	1149	4	AC	29	36	1	1
1536	1147	4	AA	27	36	1	1
1536	1145	4	Y	25	36	1	1
1536	1143	4	W	23	36	1	1
1536	1141	4	U	21	36	1	1
1536	1139	4	S	19	36	1	1
1536	1137	4	Q	17	36	1	1
1536	1135	4	O	15	36	1	1
1536	1133	4	M	13	36	1	1
1536	1131	4	K	11	36	1	1
1536	1129	4	I	9	36	1	1
1536	1127	4	G	7	36	1	1
1536	1125	4	E	5	36	1	1
1536	1123	4	C	3	36	1	1
1536	1121	4	A	1	36	1	1
1536	1087	4	AE	31	34	1	1
1536	1085	4	AC	29	34	1	1
1536	1083	4	AA	27	34	1	1
1536	1081	4	Y	25	34	1	1
1536	1079	4	W	23	34	1	1
1536	1077	4	U	21	34	1	1
1536	1075	4	S	19	34	1	1
1536	1073	4	Q	17	34	1	1
1536	1071	4	O	15	34	1	1
1536	1069	4	M	13	34	1	1
1536	1067	4	K	11	34	1	1
1536	1065	4	I	9	34	1	1
1536	1063	4	G	7	34	1	1
1536	1061	4	E	5	34	1	1
1536	1059	4	C	3	34	1	1
1536	1057	4	A	1	34	1	1
1536	1023	4	AE	31	32	1	1
1536	1021	4	AC	29	32	1	1
1536	1019	4	AA	27	32	1	1
1536	1017	4	Y	25	32	1	1
1536	1015	4	W	23	32	1	1
1536	1013	4	U	21	32	1	1
1536	1011	4	S	19	32	1	1
1536	1009	4	Q	17	32	1	1
1536	1007	4	O	15	32	1	1
1536	1005	4	M	13	32	1	1
1536	1003	4	K	11	32	1	1
1536	1001	4	I	9	32	1	1
1536	999	4	G	7	32	1	1
1536	997	4	E	5	32	1	1
1536	995	4	C	3	32	1	1
1536	993	4	A	1	32	1	1
1536	959	4	AE	31	30	1	1
1536	957	4	AC	29	30	1	1
1536	955	4	AA	27	30	1	1
1536	953	4	Y	25	30	1	1
1536	951	4	W	23	30	1	1
1536	949	4	U	21	30	1	1
1536	947	4	S	19	30	1	1
1536	945	4	Q	17	30	1	1
1536	943	4	O	15	30	1	1
1536	941	4	M	13	30	1	1
1536	939	4	K	11	30	1	1
1536	937	4	I	9	30	1	1
1536	935	4	G	7	30	1	1
1536	933	4	E	5	30	1	1
1536	931	4	C	3	30	1	1
1536	929	4	A	1	30	1	1
1536	895	4	AE	31	28	1	1
1536	893	4	AC	29	28	1	1
1536	891	4	AA	27	28	1	1
1536	889	4	Y	25	28	1	1
1536	887	4	W	23	28	1	1
1536	885	4	U	21	28	1	1
1536	883	4	S	19	28	1	1
1536	881	4	Q	17	28	1	1
1536	879	4	O	15	28	1	1
1536	877	4	M	13	28	1	1
1536	875	4	K	11	28	1	1
1536	873	4	I	9	28	1	1
1536	871	4	G	7	28	1	1
1536	869	4	E	5	28	1	1
1536	867	4	C	3	28	1	1
1536	865	4	A	1	28	1	1
1536	831	4	AE	31	26	1	1
1536	829	4	AC	29	26	1	1
1536	827	4	AA	27	26	1	1
1536	825	4	Y	25	26	1	1
1536	823	4	W	23	26	1	1
1536	821	4	U	21	26	1	1
1536	819	4	S	19	26	1	1
1536	817	4	Q	17	26	1	1
1536	815	4	O	15	26	1	1
1536	813	4	M	13	26	1	1
1536	811	4	K	11	26	1	1
1536	809	4	I	9	26	1	1
1536	807	4	G	7	26	1	1
1536	805	4	E	5	26	1	1
1536	803	4	C	3	26	1	1
1536	801	4	A	1	26	1	1
1536	767	4	AE	31	24	1	1
1536	765	4	AC	29	24	1	1
1536	763	4	AA	27	24	1	1
1536	761	4	Y	25	24	1	1
1536	759	4	W	23	24	1	1
1536	757	4	U	21	24	1	1
1536	755	4	S	19	24	1	1
1536	753	4	Q	17	24	1	1
1536	751	4	O	15	24	1	1
1536	749	4	M	13	24	1	1
1536	747	4	K	11	24	1	1
1536	745	4	I	9	24	1	1
1536	743	4	G	7	24	1	1
1536	741	4	E	5	24	1	1
1536	739	4	C	3	24	1	1
1536	737	4	A	1	24	1	1
1536	703	4	AE	31	22	1	1
1536	701	4	AC	29	22	1	1
1536	699	4	AA	27	22	1	1
1536	697	4	Y	25	22	1	1
1536	695	4	W	23	22	1	1
1536	693	4	U	21	22	1	1
1536	691	4	S	19	22	1	1
1536	689	4	Q	17	22	1	1
1536	687	4	O	15	22	1	1
1536	685	4	M	13	22	1	1
1536	683	4	K	11	22	1	1
1536	681	4	I	9	22	1	1
1536	679	4	G	7	22	1	1
1536	677	4	E	5	22	1	1
1536	675	4	C	3	22	1	1
1536	673	4	A	1	22	1	1
1536	639	4	AE	31	20	1	1
1536	637	4	AC	29	20	1	1
1536	635	4	AA	27	20	1	1
1536	633	4	Y	25	20	1	1
1536	631	4	W	23	20	1	1
1536	629	4	U	21	20	1	1
1536	627	4	S	19	20	1	1
1536	625	4	Q	17	20	1	1
1536	623	4	O	15	20	1	1
1536	621	4	M	13	20	1	1
1536	619	4	K	11	20	1	1
1536	617	4	I	9	20	1	1
1536	615	4	G	7	20	1	1
1536	613	4	E	5	20	1	1
1536	611	4	C	3	20	1	1
1536	609	4	A	1	20	1	1
1536	575	4	AE	31	18	1	1
1536	573	4	AC	29	18	1	1
1536	571	4	AA	27	18	1	1
1536	569	4	Y	25	18	1	1
1536	567	4	W	23	18	1	1
1536	565	4	U	21	18	1	1
1536	563	4	S	19	18	1	1
1536	561	4	Q	17	18	1	1
1536	559	4	O	15	18	1	1
1536	557	4	M	13	18	1	1
1536	555	4	K	11	18	1	1
1536	553	4	I	9	18	1	1
1536	551	4	G	7	18	1	1
1536	549	4	E	5	18	1	1
1536	547	4	C	3	18	1	1
1536	545	4	A	1	18	1	1
1536	511	4	AE	31	16	1	1
1536	509	4	AC	29	16	1	1
1536	507	4	AA	27	16	1	1
1536	505	4	Y	25	16	1	1
1536	503	4	W	23	16	1	1
1536	501	4	U	21	16	1	1
1536	499	4	S	19	16	1	1
1536	497	4	Q	17	16	1	1
1536	495	4	O	15	16	1	1
1536	493	4	M	13	16	1	1
1536	491	4	K	11	16	1	1
1536	489	4	I	9	16	1	1
1536	487	4	G	7	16	1	1
1536	485	4	E	5	16	1	1
1536	483	4	C	3	16	1	1
1536	481	4	A	1	16	1	1
1536	447	4	AE	31	14	1	1
1536	445	4	AC	29	14	1	1
1536	443	4	AA	27	14	1	1
1536	441	4	Y	25	14	1	1
1536	439	4	W	23	14	1	1
1536	437	4	U	21	14	1	1
1536	435	4	S	19	14	1	1
1536	433	4	Q	17	14	1	1
1536	431	4	O	15	14	1	1
1536	429	4	M	13	14	1	1
1536	427	4	K	11	14	1	1
1536	425	4	I	9	14	1	1
1536	423	4	G	7	14	1	1
1536	421	4	E	5	14	1	1
1536	419	4	C	3	14	1	1
1536	417	4	A	1	14	1	1
1536	383	4	AE	31	12	1	1
1536	381	4	AC	29	12	1	1
1536	379	4	AA	27	12	1	1
1536	377	4	Y	25	12	1	1
1536	375	4	W	23	12	1	1
1536	373	4	U	21	12	1	1
1536	371	4	S	19	12	1	1
1536	369	4	Q	17	12	1	1
1536	367	4	O	15	12	1	1
1536	365	4	M	13	12	1	1
1536	363	4	K	11	12	1	1
1536	361	4	I	9	12	1	1
1536	359	4	G	7	12	1	1
1536	357	4	E	5	12	1	1
1536	355	4	C	3	12	1	1
1536	353	4	A	1	12	1	1
1536	319	4	AE	31	10	1	1
1536	317	4	AC	29	10	1	1
1536	315	4	AA	27	10	1	1
1536	313	4	Y	25	10	1	1
1536	311	4	W	23	10	1	1
1536	309	4	U	21	10	1	1
1536	307	4	S	19	10	1	1
1536	305	4	Q	17	10	1	1
1536	303	4	O	15	10	1	1
1536	301	4	M	13	10	1	1
1536	299	4	K	11	10	1	1
1536	297	4	I	9	10	1	1
1536	295	4	G	7	10	1	1
1536	293	4	E	5	10	1	1
1536	291	4	C	3	10	1	1
1536	289	4	A	1	10	1	1
1536	255	4	AE	31	8	1	1
1536	253	4	AC	29	8	1	1
1536	251	4	AA	27	8	1	1
1536	249	4	Y	25	8	1	1
1536	247	4	W	23	8	1	1
1536	245	4	U	21	8	1	1
1536	243	4	S	19	8	1	1
1536	241	4	Q	17	8	1	1
1536	239	4	O	15	8	1	1
1536	237	4	M	13	8	1	1
1536	235	4	K	11	8	1	1
1536	233	4	I	9	8	1	1
1536	231	4	G	7	8	1	1
1536	229	4	E	5	8	1	1
1536	227	4	C	3	8	1	1
1536	225	4	A	1	8	1	1
1536	191	4	AE	31	6	1	1
1536	189	4	AC	29	6	1	1
1536	187	4	AA	27	6	1	1
1536	185	4	Y	25	6	1	1
1536	183	4	W	23	6	1	1
1536	181	4	U	21	6	1	1
1536	179	4	S	19	6	1	1
1536	177	4	Q	17	6	1	1
1536	175	4	O	15	6	1	1
1536	173	4	M	13	6	1	1
1536	171	4	K	11	6	1	1
1536	169	4	I	9	6	1	1
1536	167	4	G	7	6	1	1
1536	165	4	E	5	6	1	1
1536	163	4	C	3	6	1	1
1536	161	4	A	1	6	1	1
1536	127	4	AE	31	4	1	1
1536	125	4	AC	29	4	1	1
1536	123	4	AA	27	4	1	1
1536	121	4	Y	25	4	1	1
1536	119	4	W	23	4	1	1
1536	117	4	U	21	4	1	1
1536	115	4	S	19	4	1	1
1536	113	4	Q	17	4	1	1
1536	111	4	O	15	4	1	1
1536	109	4	M	13	4	1	1
1536	107	4	K	11	4	1	1
1536	105	4	I	9	4	1	1
1536	103	4	G	7	4	1	1
1536	101	4	E	5	4	1	1
1536	99	4	C	3	4	1	1
1536	97	4	A	1	4	1	1
1536	63	4	AE	31	2	1	1
1536	61	4	AC	29	2	1	1
1536	59	4	AA	27	2	1	1
1536	57	4	Y	25	2	1	1
1536	55	4	W	23	2	1	1
1536	53	4	U	21	2	1	1
1536	51	4	S	19	2	1	1
1536	49	4	Q	17	2	1	1
1536	47	4	O	15	2	1	1
1536	45	4	M	13	2	1	1
1536	43	4	K	11	2	1	1
1536	41	4	I	9	2	1	1
1536	39	4	G	7	2	1	1
1536	37	4	E	5	2	1	1
1536	35	4	C	3	2	1	1
1536	33	4	A	1	2	1	1
1536	1503	4	AE	31	47	1	1
1536	1501	4	AC	29	47	1	1
1536	1499	4	AA	27	47	1	1
1536	1497	4	Y	25	47	1	1
1536	1495	4	W	23	47	1	1
1536	1493	4	U	21	47	1	1
1536	1491	4	S	19	47	1	1
1536	1489	4	Q	17	47	1	1
1536	1487	4	O	15	47	1	1
1536	1485	4	M	13	47	1	1
1536	1483	4	K	11	47	1	1
1536	1481	4	I	9	47	1	1
1536	1479	4	G	7	47	1	1
1536	1477	4	E	5	47	1	1
1536	1475	4	C	3	47	1	1
1536	1473	4	A	1	47	1	1
1536	1439	4	AE	31	45	1	1
1536	1437	4	AC	29	45	1	1
1536	1435	4	AA	27	45	1	1
1536	1433	4	Y	25	45	1	1
1536	1431	4	W	23	45	1	1
1536	1429	4	U	21	45	1	1
1536	1427	4	S	19	45	1	1
1536	1425	4	Q	17	45	1	1
1536	1423	4	O	15	45	1	1
1536	1421	4	M	13	45	1	1
1536	1419	4	K	11	45	1	1
1536	1417	4	I	9	45	1	1
1536	1415	4	G	7	45	1	1
1536	1413	4	E	5	45	1	1
1536	1411	4	C	3	45	1	1
1536	1409	4	A	1	45	1	1
1536	1375	4	AE	31	43	1	1
1536	1373	4	AC	29	43	1	1
1536	1371	4	AA	27	43	1	1
1536	1369	4	Y	25	43	1	1
1536	1367	4	W	23	43	1	1
1536	1365	4	U	21	43	1	1
1536	1363	4	S	19	43	1	1
1536	1361	4	Q	17	43	1	1
1536	1359	4	O	15	43	1	1
1536	1357	4	M	13	43	1	1
1536	1355	4	K	11	43	1	1
1536	1353	4	I	9	43	1	1
1536	1351	4	G	7	43	1	1
1536	1349	4	E	5	43	1	1
1536	1347	4	C	3	43	1	1
1536	1345	4	A	1	43	1	1
1536	1311	4	AE	31	41	1	1
1536	1309	4	AC	29	41	1	1
1536	1307	4	AA	27	41	1	1
1536	1305	4	Y	25	41	1	1
1536	1303	4	W	23	41	1	1
1536	1301	4	U	21	41	1	1
1536	1299	4	S	19	41	1	1
1536	1297	4	Q	17	41	1	1
1536	1295	4	O	15	41	1	1
1536	1293	4	M	13	41	1	1
1536	1291	4	K	11	41	1	1
1536	1289	4	I	9	41	1	1
1536	1287	4	G	7	41	1	1
1536	1285	4	E	5	41	1	1
1536	1283	4	C	3	41	1	1
1536	1281	4	A	1	41	1	1
1536	1247	4	AE	31	39	1	1
1536	1245	4	AC	29	39	1	1
1536	1243	4	AA	27	39	1	1
1536	1241	4	Y	25	39	1	1
1536	1239	4	W	23	39	1	1
1536	1237	4	U	21	39	1	1
1536	1235	4	S	19	39	1	1
1536	1233	4	Q	17	39	1	1
1536	1231	4	O	15	39	1	1
1536	1229	4	M	13	39	1	1
1536	1227	4	K	11	39	1	1
1536	1225	4	I	9	39	1	1
1536	1223	4	G	7	39	1	1
1536	1221	4	E	5	39	1	1
1536	1219	4	C	3	39	1	1
1536	1217	4	A	1	39	1	1
1536	1183	4	AE	31	37	1	1
1536	1181	4	AC	29	37	1	1
1536	1179	4	AA	27	37	1	1
1536	1177	4	Y	25	37	1	1
1536	1175	4	W	23	37	1	1
1536	1173	4	U	21	37	1	1
1536	1171	4	S	19	37	1	1
1536	1169	4	Q	17	37	1	1
1536	1167	4	O	15	37	1	1
1536	1165	4	M	13	37	1	1
1536	1163	4	K	11	37	1	1
1536	1161	4	I	9	37	1	1
1536	1159	4	G	7	37	1	1
1536	1157	4	E	5	37	1	1
1536	1155	4	C	3	37	1	1
1536	1153	4	A	1	37	1	1
1536	1119	4	AE	31	35	1	1
1536	1117	4	AC	29	35	1	1
1536	1115	4	AA	27	35	1	1
1536	1113	4	Y	25	35	1	1
1536	1111	4	W	23	35	1	1
1536	1109	4	U	21	35	1	1
1536	1107	4	S	19	35	1	1
1536	1105	4	Q	17	35	1	1
1536	1103	4	O	15	35	1	1
1536	1101	4	M	13	35	1	1
1536	1099	4	K	11	35	1	1
1536	1097	4	I	9	35	1	1
1536	1095	4	G	7	35	1	1
1536	1093	4	E	5	35	1	1
1536	1091	4	C	3	35	1	1
1536	1089	4	A	1	35	1	1
1536	1055	4	AE	31	33	1	1
1536	1053	4	AC	29	33	1	1
1536	1051	4	AA	27	33	1	1
1536	1049	4	Y	25	33	1	1
1536	1047	4	W	23	33	1	1
1536	1045	4	U	21	33	1	1
1536	1043	4	S	19	33	1	1
1536	1041	4	Q	17	33	1	1
1536	1039	4	O	15	33	1	1
1536	1037	4	M	13	33	1	1
1536	1035	4	K	11	33	1	1
1536	1033	4	I	9	33	1	1
1536	1031	4	G	7	33	1	1
1536	1029	4	E	5	33	1	1
1536	1027	4	C	3	33	1	1
1536	1025	4	A	1	33	1	1
1536	991	4	AE	31	31	1	1
1536	989	4	AC	29	31	1	1
1536	987	4	AA	27	31	1	1
1536	985	4	Y	25	31	1	1
1536	983	4	W	23	31	1	1
1536	981	4	U	21	31	1	1
1536	979	4	S	19	31	1	1
1536	977	4	Q	17	31	1	1
1536	975	4	O	15	31	1	1
1536	973	4	M	13	31	1	1
1536	971	4	K	11	31	1	1
1536	969	4	I	9	31	1	1
1536	967	4	G	7	31	1	1
1536	965	4	E	5	31	1	1
1536	963	4	C	3	31	1	1
1536	961	4	A	1	31	1	1
1536	927	4	AE	31	29	1	1
1536	925	4	AC	29	29	1	1
1536	923	4	AA	27	29	1	1
1536	921	4	Y	25	29	1	1
1536	919	4	W	23	29	1	1
1536	917	4	U	21	29	1	1
1536	915	4	S	19	29	1	1
1536	913	4	Q	17	29	1	1
1536	911	4	O	15	29	1	1
1536	909	4	M	13	29	1	1
1536	907	4	K	11	29	1	1
1536	905	4	I	9	29	1	1
1536	903	4	G	7	29	1	1
1536	901	4	E	5	29	1	1
1536	899	4	C	3	29	1	1
1536	897	4	A	1	29	1	1
1536	863	4	AE	31	27	1	1
1536	861	4	AC	29	27	1	1
1536	859	4	AA	27	27	1	1
1536	857	4	Y	25	27	1	1
1536	855	4	W	23	27	1	1
1536	853	4	U	21	27	1	1
1536	851	4	S	19	27	1	1
1536	849	4	Q	17	27	1	1
1536	847	4	O	15	27	1	1
1536	845	4	M	13	27	1	1
1536	843	4	K	11	27	1	1
1536	841	4	I	9	27	1	1
1536	839	4	G	7	27	1	1
1536	837	4	E	5	27	1	1
1536	835	4	C	3	27	1	1
1536	833	4	A	1	27	1	1
1536	799	4	AE	31	25	1	1
1536	797	4	AC	29	25	1	1
1536	795	4	AA	27	25	1	1
1536	793	4	Y	25	25	1	1
1536	791	4	W	23	25	1	1
1536	789	4	U	21	25	1	1
1536	787	4	S	19	25	1	1
1536	785	4	Q	17	25	1	1
1536	783	4	O	15	25	1	1
1536	781	4	M	13	25	1	1
1536	779	4	K	11	25	1	1
1536	777	4	I	9	25	1	1
1536	775	4	G	7	25	1	1
1536	773	4	E	5	25	1	1
1536	771	4	C	3	25	1	1
1536	769	4	A	1	25	1	1
1536	735	4	AE	31	23	1	1
1536	733	4	AC	29	23	1	1
1536	731	4	AA	27	23	1	1
1536	729	4	Y	25	23	1	1
1536	727	4	W	23	23	1	1
1536	725	4	U	21	23	1	1
1536	723	4	S	19	23	1	1
1536	721	4	Q	17	23	1	1
1536	719	4	O	15	23	1	1
1536	717	4	M	13	23	1	1
1536	715	4	K	11	23	1	1
1536	713	4	I	9	23	1	1
1536	711	4	G	7	23	1	1
1536	709	4	E	5	23	1	1
1536	707	4	C	3	23	1	1
1536	705	4	A	1	23	1	1
1536	671	4	AE	31	21	1	1
1536	669	4	AC	29	21	1	1
1536	667	4	AA	27	21	1	1
1536	665	4	Y	25	21	1	1
1536	663	4	W	23	21	1	1
1536	661	4	U	21	21	1	1
1536	659	4	S	19	21	1	1
1536	657	4	Q	17	21	1	1
1536	655	4	O	15	21	1	1
1536	653	4	M	13	21	1	1
1536	651	4	K	11	21	1	1
1536	649	4	I	9	21	1	1
1536	647	4	G	7	21	1	1
1536	645	4	E	5	21	1	1
1536	643	4	C	3	21	1	1
1536	641	4	A	1	21	1	1
1536	607	4	AE	31	19	1	1
1536	605	4	AC	29	19	1	1
1536	603	4	AA	27	19	1	1
1536	601	4	Y	25	19	1	1
1536	599	4	W	23	19	1	1
1536	597	4	U	21	19	1	1
1536	595	4	S	19	19	1	1
1536	593	4	Q	17	19	1	1
1536	591	4	O	15	19	1	1
1536	589	4	M	13	19	1	1
1536	587	4	K	11	19	1	1
1536	585	4	I	9	19	1	1
1536	583	4	G	7	19	1	1
1536	581	4	E	5	19	1	1
1536	579	4	C	3	19	1	1
1536	577	4	A	1	19	1	1
1536	543	4	AE	31	17	1	1
1536	541	4	AC	29	17	1	1
1536	539	4	AA	27	17	1	1
1536	537	4	Y	25	17	1	1
1536	535	4	W	23	17	1	1
1536	533	4	U	21	17	1	1
1536	531	4	S	19	17	1	1
1536	529	4	Q	17	17	1	1
1536	527	4	O	15	17	1	1
1536	525	4	M	13	17	1	1
1536	523	4	K	11	17	1	1
1536	521	4	I	9	17	1	1
1536	519	4	G	7	17	1	1
1536	517	4	E	5	17	1	1
1536	515	4	C	3	17	1	1
1536	513	4	A	1	17	1	1
1536	479	4	AE	31	15	1	1
1536	477	4	AC	29	15	1	1
1536	475	4	AA	27	15	1	1
1536	473	4	Y	25	15	1	1
1536	471	4	W	23	15	1	1
1536	469	4	U	21	15	1	1
1536	467	4	S	19	15	1	1
1536	465	4	Q	17	15	1	1
1536	463	4	O	15	15	1	1
1536	461	4	M	13	15	1	1
1536	459	4	K	11	15	1	1
1536	457	4	I	9	15	1	1
1536	455	4	G	7	15	1	1
1536	453	4	E	5	15	1	1
1536	451	4	C	3	15	1	1
1536	449	4	A	1	15	1	1
1536	415	4	AE	31	13	1	1
1536	413	4	AC	29	13	1	1
1536	411	4	AA	27	13	1	1
1536	409	4	Y	25	13	1	1
1536	407	4	W	23	13	1	1
1536	405	4	U	21	13	1	1
1536	403	4	S	19	13	1	1
1536	401	4	Q	17	13	1	1
1536	399	4	O	15	13	1	1
1536	397	4	M	13	13	1	1
1536	395	4	K	11	13	1	1
1536	393	4	I	9	13	1	1
1536	391	4	G	7	13	1	1
1536	389	4	E	5	13	1	1
1536	387	4	C	3	13	1	1
1536	385	4	A	1	13	1	1
1536	351	4	AE	31	11	1	1
1536	349	4	AC	29	11	1	1
1536	347	4	AA	27	11	1	1
1536	345	4	Y	25	11	1	1
1536	343	4	W	23	11	1	1
1536	341	4	U	21	11	1	1
1536	339	4	S	19	11	1	1
1536	337	4	Q	17	11	1	1
1536	335	4	O	15	11	1	1
1536	333	4	M	13	11	1	1
1536	331	4	K	11	11	1	1
1536	329	4	I	9	11	1	1
1536	327	4	G	7	11	1	1
1536	325	4	E	5	11	1	1
1536	323	4	C	3	11	1	1
1536	321	4	A	1	11	1	1
1536	287	4	AE	31	9	1	1
1536	285	4	AC	29	9	1	1
1536	283	4	AA	27	9	1	1
1536	281	4	Y	25	9	1	1
1536	279	4	W	23	9	1	1
1536	277	4	U	21	9	1	1
1536	275	4	S	19	9	1	1
1536	273	4	Q	17	9	1	1
1536	271	4	O	15	9	1	1
1536	269	4	M	13	9	1	1
1536	267	4	K	11	9	1	1
1536	265	4	I	9	9	1	1
1536	263	4	G	7	9	1	1
1536	261	4	E	5	9	1	1
1536	259	4	C	3	9	1	1
1536	257	4	A	1	9	1	1
1536	223	4	AE	31	7	1	1
1536	221	4	AC	29	7	1	1
1536	219	4	AA	27	7	1	1
1536	217	4	Y	25	7	1	1
1536	215	4	W	23	7	1	1
1536	213	4	U	21	7	1	1
1536	211	4	S	19	7	1	1
1536	209	4	Q	17	7	1	1
1536	207	4	O	15	7	1	1
1536	205	4	M	13	7	1	1
1536	203	4	K	11	7	1	1
1536	201	4	I	9	7	1	1
1536	199	4	G	7	7	1	1
1536	197	4	E	5	7	1	1
1536	195	4	C	3	7	1	1
1536	193	4	A	1	7	1	1
1536	159	4	AE	31	5	1	1
1536	157	4	AC	29	5	1	1
1536	155	4	AA	27	5	1	1
1536	153	4	Y	25	5	1	1
1536	151	4	W	23	5	1	1
1536	149	4	U	21	5	1	1
1536	147	4	S	19	5	1	1
1536	145	4	Q	17	5	1	1
1536	143	4	O	15	5	1	1
1536	141	4	M	13	5	1	1
1536	139	4	K	11	5	1	1
1536	137	4	I	9	5	1	1
1536	135	4	G	7	5	1	1
1536	133	4	E	5	5	1	1
1536	131	4	C	3	5	1	1
1536	129	4	A	1	5	1	1
1536	95	4	AE	31	3	1	1
1536	93	4	AC	29	3	1	1
1536	91	4	AA	27	3	1	1
1536	89	4	Y	25	3	1	1
1536	87	4	W	23	3	1	1
1536	85	4	U	21	3	1	1
1536	83	4	S	19	3	1	1
1536	81	4	Q	17	3	1	1
1536	79	4	O	15	3	1	1
1536	77	4	M	13	3	1	1
1536	75	4	K	11	3	1	1
1536	73	4	I	9	3	1	1
1536	71	4	G	7	3	1	1
1536	69	4	E	5	3	1	1
1536	67	4	C	3	3	1	1
1536	65	4	A	1	3	1	1
1536	31	4	AE	31	1	1	1
1536	29	4	AC	29	1	1	1
1536	27	4	AA	27	1	1	1
1536	25	4	Y	25	1	1	1
1536	23	4	W	23	1	1	1
1536	21	4	U	21	1	1	1
1536	19	4	S	19	1	1	1
1536	17	4	Q	17	1	1	1
1536	15	4	O	15	1	1	1
1536	13	4	M	13	1	1	1
1536	11	4	K	11	1	1	1
1536	9	4	I	9	1	1	1
1536	7	4	G	7	1	1	1
1536	5	4	E	5	1	1	1
1536	3	4	C	3	1	1	1
1536	1	4	A	1	1	1	1
