plate	well	response
1	1	0.0169565720739546
1	2	0.0851872146156393
1	3	0.354537624810057
1	4	0.225453937471582
1	5	0.192274022164301
1	6	0.25061104839942
1	7	0.0834603820857239
1	8	0.306163028761787
1	9	0.144848425417238
1	10	0.241089057587582
1	11	0.214481308290867
1	12	0.3866189501539
1	13	0.277457976688294
1	14	0.155125012483108
1	15	0.0279104570453539
1	16	0.22455463503563
1	17	0.0418069726584113
1	18	0.0302529701652024
1	19	0.145779590939472
1	20	0.13821256192766
1	21	0.0254553407128365
1	22	0.0703294453377499
1	23	0.22760917815147
1	24	0.0982215280100933
1	25	0.228271545824238
1	26	0.121794307716418
1	27	0.17715622806778
1	28	0.166608663934589
1	29	0.163386489084143
1	30	0.221025667094185
1	31	0.184636448110783
1	32	0.264385416342038
1	33	0.0194158784824572
1	34	0.0578607938573535
1	35	0.232136596872618
1	36	0.136602372731703
1	37	0.211539696096932
1	38	0.211107289691862
1	39	0.341302424340894
1	40	0.0765047510614198
1	41	0.199522160735774
1	42	0.147174270378747
1	43	0.13991037185233
1	44	0.35176697228409
1	45	0.0190912994894661
1	46	0.20573781580565
1	47	0.176671763579448
1	48	0.126323440247529
1	49	0.175841710122818
1	50	0.11302913737017
1	51	0.0230911441151797
1	52	0.310268586314956
1	53	0.304687206590327
1	54	0.403361629822037
1	55	0.155032129565626
1	56	0.155497955298064
1	57	0.198161285674563
1	58	0.139619757300905
1	59	0.183772389051152
1	60	0.233262056109147
1	61	0.0119308425796877
1	62	0.054216058584123
1	63	0.189961554056787
1	64	0.197341730873428
1	65	0.141779784664313
1	66	0.325178156032203
1	67	0.226536556014281
1	68	0.134053447790015
1	69	0.102404586946802
1	70	0.0549863128020666
1	71	0.352885519386872
1	72	0.108172755210028
1	73	0.0406835725223235
1	74	0.182928831898856
1	75	0.229395369392071
1	76	0.194626883858269
1	77	0.129019659923203
1	78	0.0489542170429804
1	79	0.125407542793455
1	80	0.0715589181456253
1	81	0.0496750286497009
1	82	0.513491325422567
1	83	0.186100208705259
1	84	0.0907107667258374
1	85	0.0743390190315223
1	86	0.152617257181462
1	87	0.378735792107632
1	88	0.0913402746586762
1	89	0.504188922456297
1	90	0.110042760371865
1	91	0.11134545931407
1	92	0.308395297223193
1	93	0.23190719467811
1	94	0.0841186370686534
1	95	0.298238811712789
1	96	0.15039068234075
1	97	0.109521257301852
1	98	0.113534453140585
1	99	0.164998663578463
1	100	0.244866056195017
1	101	0.215216958665938
1	102	0.101333035471446
1	103	0.0903876518689524
1	104	0.0832748385941379
1	105	0.331836314643172
1	106	0.258809407889997
1	107	0.069150668262426
1	108	0.114150433606292
1	109	0.400231575535237
1	110	0.259120018572411
1	111	0.0902497058924118
1	112	0.0325515332185333
1	113	0.118949173160971
1	114	0.239036001006431
1	115	0.10540995088031
1	116	0.105274311078076
1	117	0.163408736613094
1	118	0.201482631637568
1	119	0.278688394703583
1	120	0.123347013448164
1	121	0.142809930615624
1	122	0.225546287605924
1	123	0.2390794665679
1	124	0.290229759825513
1	125	0.0589168507285987
1	126	0.119188696368182
1	127	0.155343966446478
1	128	0.317109769685263
1	129	0.123779245284269
1	130	0.193255169553091
1	131	0.202342667859964
1	132	0.0780172881513367
1	133	0.105681383492514
1	134	0.174816634070335
1	135	0.321732405570646
1	136	0.111352211165176
1	137	0.233199559424571
1	138	0.131079755135473
1	139	0.150006165828423
1	140	0.11051402875627
1	141	0.260060313727112
1	142	0.0455690694270589
1	143	0.13768252156507
1	144	0.035372805144513
1	145	0.121135421431159
1	146	0.158478949173351
1	147	0.0382771326048627
1	148	0.335037807595686
1	149	0.0826172466333326
1	150	0.0840780858756599
1	151	0.194479505573339
1	152	0.235151946987935
1	153	0.386181479223695
1	154	0.147158197521542
1	155	0.148545995235054
1	156	0.127243182633546
1	157	0.0446572247102671
1	158	0.123689910035329
1	159	0.0978089308543556
1	160	0.378667204091458
1	161	0.166218070115827
1	162	0.176168631084729
1	163	0.10387845546607
1	164	0.0793984937314165
1	165	0.194521585389813
1	166	0.0938531388826449
1	167	0.293355167741883
1	168	0.0569952522371659
1	169	0.00861211392117119
1	170	0.170060873289966
1	171	0.140532317138648
1	172	0.0918706749385806
1	173	0.0645586789963261
1	174	0.107497065097127
1	175	0.213296771841788
1	176	0.115866829426792
1	177	0.0723335116487747
1	178	0.435688489770968
1	179	0.0777050464917334
1	180	0.169021338438804
1	181	0.341945237775074
1	182	0.134431058802479
1	183	0.0252179432200954
1	184	0.33886465417243
1	185	0.126070068543959
1	186	0.21787274312751
1	187	0.132710285437103
1	188	0.125550301832983
1	189	0.0791616971539749
1	190	0.0711822451104374
1	191	0.0979607720544234
1	192	0.198846820657343
1	193	0.314336533298238
1	194	0.198326665923917
1	195	0.0951865328689295
1	196	0.0474306986052024
1	197	0.217676876775826
1	198	0.284341011254857
1	199	0.0928656564498178
1	200	0.214100028823327
1	201	0.0601572094421758
1	202	0.0832809564164725
1	203	0.124263361300282
1	204	0.130353699546533
1	205	0.216294649924277
1	206	0.368461220880232
1	207	0.108325474100375
1	208	0.099959019556345
1	209	0.147372407482929
1	210	0.0211485108844469
1	211	0.2095976031842
1	212	0.193891773795975
1	213	0.0572076200616195
1	214	0.296522191137727
1	215	0.246351398843086
1	216	0.0817937145516332
1	217	0.24790152620078
1	218	0.256458988356838
1	219	0.0489657479335608
1	220	0.219558982733328
1	221	0.117941967735388
1	222	0.0648544116638145
1	223	0.351103258229893
1	224	0.217446938190449
1	225	0.149949968695926
1	226	0.136059269375078
1	227	0.306644494188661
1	228	0.243446001654435
1	229	0.168622098827234
1	230	0.0731211457916886
1	231	0.202249703091002
1	232	0.210705731216808
1	233	0.137048991128749
1	234	0.197149802897858
1	235	0.246528395144384
1	236	0.163276103324285
1	237	0.1526510463407
1	238	0.178641212054013
1	239	0.321295766332571
1	240	0.0703510912417347
1	241	0.137890044250514
1	242	0.0911646983184322
1	243	0.197790714239546
1	244	0.288723620897413
1	245	0.166234457695418
1	246	0.197496724010995
1	247	0.101828591615606
1	248	0.121482562972163
1	249	0.193091522901809
1	250	0.224157449723654
1	251	0.283358911506826
1	252	0.300247168709098
1	253	0.0873085005923264
1	254	0.208456426218507
1	255	0.449728358925811
1	256	0.258477756690151
1	257	0.0484010494013916
1	258	0.234620911983411
1	259	0.405317759173443
1	260	0.0357805249690487
1	261	0.0211221973409551
1	262	0.230687399639059
1	263	0.285188388179625
1	264	0.294870481807508
1	265	0.0783457222833786
1	266	0.410052670788497
1	267	0.211902784143895
1	268	0.0112139470454212
1	269	0.0845872605105659
1	270	0.134768675019608
1	271	0.264514355489874
1	272	0.237941472442156
1	273	0.161920645606759
1	274	0.145586402591108
1	275	0.0592360486858215
1	276	0.265956591856894
1	277	0.323446249236821
1	278	0.400879052067029
1	279	0.0894018374427521
1	280	0.360236164466374
1	281	0.0796653468705193
1	282	0.291554957515595
1	283	0.0451026353018873
1	284	0.233634202497792
1	285	0.295077700581993
1	286	0.116363584773937
1	287	0.122205823469899
1	288	0.107313839408761
1	289	0.0717382991177918
1	290	0.013115034146532
1	291	0.0935030362243228
1	292	0.161234864642067
1	293	0.317507273058146
1	294	0.114577937858416
1	295	0.0614951534821202
1	296	0.0961640320924027
1	297	0.0849103574567314
1	298	0.0775179447168921
1	299	0.348008081147937
1	300	0.0683464658162455
1	301	0.0641921441612751
1	302	0.457444970132968
1	303	0.273777631817286
1	304	0.385631832506473
1	305	0.536805449022944
1	306	0.117981730471092
1	307	0.157125326444564
1	308	0.274469222069644
1	309	0.0664746819115149
1	310	0.232119564061366
1	311	0.209864512632733
1	312	0.153211961592922
1	313	0.151855647029766
1	314	0.29876596937256
1	315	0.326802016337253
1	316	0.190863998211986
1	317	0.435495596136057
1	318	0.0834340175115392
1	319	0.151002775677282
1	320	0.269217409642574
1	321	0.184113779039118
1	322	0.238920595817859
1	323	0.167306016088575
1	324	0.0555476867350943
1	325	0.374683050694573
1	326	0.125466886444767
1	327	0.372867962860272
1	328	0.0731638907429319
1	329	0.285092720183968
1	330	0.158619039205771
1	331	0.284833680330736
1	332	0.154824289280987
1	333	0.108633756253503
1	334	0.228917382078573
1	335	0.0489873813666465
1	336	0.248512658802448
1	337	0.260011755641374
1	338	0.342735572973051
1	339	0.184945832451662
1	340	0.179201980499051
1	341	0.060278680228256
1	342	0.117429052443057
1	343	0.0931505802416789
1	344	0.1352574653821
1	345	0.333747772073793
1	346	0.325533899621982
1	347	0.421763655135377
1	348	0.107922516462231
1	349	0.444852268426575
1	350	0.396627544287511
1	351	0.0647134152538417
1	352	0.280430778823527
1	353	0.0773425209599004
1	354	0.277913716930606
1	355	0.223354095077268
1	356	0.0357938618123744
1	357	0.0587959234043244
1	358	0.104675663308936
1	359	0.337994091416723
1	360	0.0384054969204156
1	361	0.583
1	362	0.603
1	363	0.624
1	364	0.548
1	365	0.044
1	366	0.053
1	367	0
1	368	0
1	369	0.346462499370957
1	370	0.123470189426765
1	371	0.295396432945606
1	372	0.23449041971612
1	373	0.105814221779587
1	374	0.143330334067056
1	375	0.116710386428813
1	376	0.0943898642263349
1	377	0.561
1	378	0.555
1	379	0.613
1	380	0.506
1	381	0.159
1	382	0.004
1	383	0
1	384	0
2	1	0.261528897024316
2	2	0.220321230369512
2	3	0.256681723858506
2	4	0.0363490301752303
2	5	0.026581420309204
2	6	0.0794887307407104
2	7	0.183259893683736
2	8	0.0658062618706707
2	9	0.282948068375928
2	10	0.135279425692386
2	11	0.174624018591776
2	12	0.232133738861938
2	13	0.12450819745062
2	14	0.176279897906916
2	15	0.257909884176074
2	16	0.277529217432675
2	17	0.3114566542634
2	18	0.0755502840631342
2	19	0.404630289911967
2	20	0.253449937502495
2	21	0.24225824133942
2	22	0.268672890727894
2	23	0.464970923056846
2	24	0.187620710740941
2	25	0.126234797190232
2	26	0.246076219547195
2	27	0.280628613041099
2	28	0.0940901121570137
2	29	0.2523492971968
2	30	0.315457942835554
2	31	0.251986453148428
2	32	0.481210941023454
2	33	0.203466316690664
2	34	0.201312550015395
2	35	0.109039054945416
2	36	0.0461239121145858
2	37	0.0739199412368437
2	38	0.110209253381294
2	39	0.17995108333009
2	40	0.275224140320429
2	41	0.110759945173293
2	42	0.175336719434787
2	43	0.232446542956807
2	44	0.368425476763522
2	45	0.0730528032751838
2	46	0.20622675154677
2	47	0.261566705649103
2	48	0.192444152253405
2	49	0.340807663684985
2	50	0.214984614575159
2	51	0.267464244725767
2	52	0.2969746457768
2	53	0.0552202082406847
2	54	0.101266281815332
2	55	0.0931415039642059
2	56	0.144294845351831
2	57	0.100200768954375
2	58	0.274752705244098
2	59	0.249790571001814
2	60	0.105408774725492
2	61	0.239173364978267
2	62	0.172801058631054
2	63	0.213665826649879
2	64	0.261543920416678
2	65	0.0888165855398511
2	66	0.131290939371841
2	67	0.564392952861597
2	68	0.116367261862187
2	69	0.149112887910298
2	70	0.172349815998569
2	71	0.129004945897126
2	72	0.0840862794163868
2	73	0.0931492315081753
2	74	0.134698505875844
2	75	0.351036934024846
2	76	0.0273879750371659
2	77	0.566450648533775
2	78	0.053459263423936
2	79	0.0447023783340639
2	80	0.194083401007892
2	81	0.132820054620651
2	82	0.316264444118601
2	83	0.253469108626898
2	84	0.161139682500362
2	85	0.0462792794431918
2	86	0.0710509190863559
2	87	0.125289123613786
2	88	0.159728120688284
2	89	0.143682315160873
2	90	0.072828351421856
2	91	0.335183743409436
2	92	0.123609416794356
2	93	0.0748215703139608
2	94	0.152383338526018
2	95	0.125719514858962
2	96	0.140386817242513
2	97	0.148115914281331
2	98	0.33609209768098
2	99	0.119204682674063
2	100	0.0582522700966982
2	101	0.182799278965801
2	102	0.251418393822507
2	103	0.118084337432141
2	104	0.24332016465187
2	105	0.134207379806174
2	106	0.135257074349526
2	107	0.0309442110157228
2	108	0.19216984188026
2	109	0.110729112427235
2	110	0.240557098061498
2	111	0.271595583102023
2	112	0.119249787398001
2	113	0.470568496848401
2	114	0.179087718837399
2	115	0.305166925906232
2	116	0.0497566034093021
2	117	0.170857147824983
2	118	0.0677352436924267
2	119	0.374368465418159
2	120	0.210246430856085
2	121	0.0359118868262312
2	122	0.216971311507143
2	123	0.386449058031384
2	124	0.264325768905257
2	125	0.160738349418763
2	126	0.123985051026626
2	127	0.0184816243394513
2	128	0.275095000695577
2	129	0.197009261586803
2	130	0.10562587365193
2	131	0.151924633301445
2	132	0.148506933403924
2	133	0.237231688385924
2	134	0.137803496312747
2	135	0.133788304428997
2	136	0.0259425812850035
2	137	0.359832729321084
2	138	0.0661575453104336
2	139	0.327315546336104
2	140	0.300444552476857
2	141	0.0586741046364849
2	142	0.369561498513901
2	143	0.150100497899044
2	144	0.117387545776362
2	145	0.140334961783962
2	146	0.154397623590671
2	147	0.271588478407635
2	148	0.197668498246329
2	149	0.0595461444562742
2	150	0.0713588833504501
2	151	0.264050618492814
2	152	0.318271915535905
2	153	0.0819523230649575
2	154	0.082720123806966
2	155	0.0381298939367174
2	156	0.0849375183373738
2	157	0.116554710296637
2	158	0.157533237199219
2	159	0.270189216736421
2	160	0.274532944216786
2	161	0.134718205720828
2	162	0.506282006390164
2	163	0.428953163615105
2	164	0.26729192323356
2	165	0.143175051292432
2	166	0.0489774468475026
2	167	0.369658207666015
2	168	0.189893857451978
2	169	0.0818846154160311
2	170	0.163765829059649
2	171	0.0403086448531288
2	172	0.312689535501432
2	173	0.289535351117118
2	174	0.311597502217114
2	175	0.106948380441841
2	176	0.105238533160654
2	177	0.164274623295707
2	178	0.130638690287876
2	179	0.142831579722647
2	180	0.295751952466424
2	181	0.128180283570586
2	182	0.0575662557543222
2	183	0.279002237362962
2	184	0.201139563191364
2	185	0.206363339603643
2	186	0.11742200461132
2	187	0.172411155048782
2	188	0.0892060499197855
2	189	0.198983639087935
2	190	0.25741790882891
2	191	0.0271458467465606
2	192	0.148190109557046
2	193	0.140172513654427
2	194	0.0689778196286707
2	195	0.370531303170437
2	196	0.104209098518449
2	197	0.0585371893384205
2	198	0.405339839931695
2	199	0.0945502961508083
2	200	0.160608626878255
2	201	0.205156097040028
2	202	0.211608787914914
2	203	0.0947503771921354
2	204	0.291503198772035
2	205	0.327041384329145
2	206	0.196775144838714
2	207	0.314608065711392
2	208	0.157772381463163
2	209	0.133982329400776
2	210	0.227818198007103
2	211	0.351194766851243
2	212	0.0922357237712107
2	213	0.127735551774435
2	214	0.221220154150763
2	215	0.127747009482064
2	216	0.0874334365346645
2	217	0.133391746691265
2	218	0.127483448235708
2	219	0.361947550207376
2	220	0.0978854850887975
2	221	0.0357623344980544
2	222	0.16074231892112
2	223	0.162435218057851
2	224	0.061278013788634
2	225	0.102680125481917
2	226	0.245800199690256
2	227	0.0892526540739736
2	228	0.205403055953128
2	229	0.218151333698058
2	230	0.0102674635998432
2	231	0.156309245654132
2	232	0.180400697840961
2	233	0.10859527036893
2	234	0.0394544940777586
2	235	0.0360134216471033
2	236	0.120965967986701
2	237	0.152334509926135
2	238	0.148183376690818
2	239	0.088423861385739
2	240	0.133394715102835
2	241	0.113405577055299
2	242	0.242267700450073
2	243	0.0679686944290158
2	244	0.244687017356125
2	245	0.28357855031528
2	246	0.0850844202237044
2	247	0.251765142027526
2	248	0.107871084652007
2	249	0.259583777397997
2	250	0.243635416817611
2	251	0.0831340622972111
2	252	0.0757235445786353
2	253	0.159989140602643
2	254	0.116748696845689
2	255	0.0399574667265039
2	256	0.127101113407258
2	257	0.20819637323178
2	258	0.212337200043786
2	259	0.0625246608678875
2	260	0.242049555880174
2	261	0.237652906022376
2	262	0.213960425902189
2	263	0.190898643370938
2	264	0.111135487889291
2	265	0.337415857805451
2	266	0.0823496745440646
2	267	0.0710360280453834
2	268	0.288204642576557
2	269	0.303617731595294
2	270	0.111733080594606
2	271	0.194534111059694
2	272	0.0578760042374701
2	273	0.0677081163405667
2	274	0.410310049391373
2	275	0.208661319221746
2	276	0.33006088357924
2	277	0.12191663780954
2	278	0.107200413550772
2	279	0.081982112684525
2	280	0.0758608019424699
2	281	0.0357388302642279
2	282	0.303034981312041
2	283	0.271724115990136
2	284	0.0994737383035888
2	285	0.0654059668890403
2	286	0.118474416747924
2	287	0.17138894613304
2	288	0.113856078908753
2	289	0.153703849658867
2	290	0.0590450478319946
2	291	0.0673384327867904
2	292	0.251294114245192
2	293	0.05960142190316
2	294	0.410277656558333
2	295	0.132830665997548
2	296	0.236403244317765
2	297	0.332105584260284
2	298	0.0545679525940444
2	299	0.0340455772316454
2	300	0.115723356293653
2	301	0.171185062550973
2	302	0.432585632995422
2	303	0.169166921714052
2	304	0.343092926530105
2	305	0.0867074018887024
2	306	0.0635889466129754
2	307	0.227565748426231
2	308	0.371764307855006
2	309	0.39474308408141
2	310	0.15015393338554
2	311	0.174516806021777
2	312	0.116354585352259
2	313	0.249255998594576
2	314	0.21951288812714
2	315	0.112598768235088
2	316	0.209474051069004
2	317	0.163108063501284
2	318	0.122790999346421
2	319	0.132843416635511
2	320	0.086009904942741
2	321	0.274260745180398
2	322	0.226579498411647
2	323	0.0520352235818027
2	324	0.271445971131643
2	325	0.124867469943552
2	326	0.0585355949365648
2	327	0.376112483285759
2	328	0.322116331572926
2	329	0.180812416336571
2	330	0.195504679407425
2	331	0.169165965216433
2	332	0.302332178915254
2	333	0.186945813692405
2	334	0.384039463527363
2	335	0.101736015395158
2	336	0.282965444114737
2	337	0.110338370541355
2	338	0.425865133414675
2	339	0.193963524829035
2	340	0.252974936033599
2	341	0.075838981416886
2	342	0.175039260326036
2	343	0.014831643715419
2	344	0.0794739929191782
2	345	0.0815328696238722
2	346	0.143166526690344
2	347	0.0865250426547054
2	348	0.0635778827244689
2	349	0.406351136483552
2	350	0.0572218463172971
2	351	0.340025646674531
2	352	0.191040148637692
2	353	0.17259826888066
2	354	0.232367634228363
2	355	0.0382664623441461
2	356	0.186641757097515
2	357	0.0774717821718124
2	358	0.0452230896703301
2	359	0.223221441202784
2	360	0.341827279829713
2	361	0.516
2	362	0.609
2	363	0.635
2	364	0.548
2	365	0.132
2	366	0.155
2	367	0
2	368	0
2	369	0.0845743594698727
2	370	0.0941813676614142
2	371	0.189488560279485
2	372	0.0158343424560473
2	373	0.156631859702459
2	374	0.11027730697046
2	375	0.307665953737903
2	376	0.10286045222575
2	377	0.542
2	378	0.615
2	379	0.544
2	380	0.645
2	381	0.11
2	382	0.026
2	383	0
2	384	0
3	1	0.079299673290553
3	2	0.239365665630287
3	3	0.244916295781376
3	4	0.297157948815275
3	5	0.159671987734749
3	6	0.0228619279898728
3	7	0.350265571682178
3	8	0.118053207087867
3	9	0.201498275283637
3	10	0.238730129940823
3	11	0.180994065319209
3	12	0.0742547275677617
3	13	0.156645334094794
3	14	0.0969991701939844
3	15	0.0937950061902824
3	16	0.118653512901887
3	17	0.0761828159801308
3	18	0.160201248891992
3	19	0.0786705826453709
3	20	0.180474347634562
3	21	0.0886106908990693
3	22	0.101172199803257
3	23	0.265667181145547
3	24	0.0520920373566721
3	25	0.125771266783875
3	26	0.300248679037617
3	27	0.159501714644283
3	28	0.294347096914744
3	29	0.25660133361788
3	30	0.261493548221081
3	31	0.302201747373655
3	32	0.0700140487833026
3	33	0.0788158684819235
3	34	0.158126100181089
3	35	0.114208889167806
3	36	0.0393894539897735
3	37	0.225212992248116
3	38	0.106294890473656
3	39	0.163823142289961
3	40	0.35146553306565
3	41	0.152756681660879
3	42	0.161002931139851
3	43	0.110014414715079
3	44	0.121510139472588
3	45	0.176070308862203
3	46	0.297857382352405
3	47	0.191068889894974
3	48	0.0872825294160409
3	49	0.148625954739398
3	50	0.0529264592046495
3	51	0.16847495157974
3	52	0.439783422292963
3	53	0.0900285248811227
3	54	0.0798728331195189
3	55	0.034635319764908
3	56	0.161274586999729
3	57	0.206538632633158
3	58	0.0431620793579599
3	59	0.0912136777994036
3	60	0.138273702208592
3	61	0.280554210932179
3	62	0.188506326023334
3	63	0.249983243850142
3	64	0.182958961369797
3	65	0.199484343439179
3	66	0.368163092543129
3	67	0.103813386825012
3	68	0.23623852358456
3	69	0.47172712950752
3	70	0.0329564110311037
3	71	0.263251915595217
3	72	0.162652509542146
3	73	0.454081231519974
3	74	0.236233297914736
3	75	0.190386575682018
3	76	0.147754440521627
3	77	0.265467946401186
3	78	0.156297962795026
3	79	0.164883755994351
3	80	0.487356787500373
3	81	0.116510162405465
3	82	0.104035317704725
3	83	0.327531422441605
3	84	0.183614427956126
3	85	0.172227254353246
3	86	0.0778452070582545
3	87	0.0740994999485234
3	88	0.0989430158146545
3	89	0.057607720919165
3	90	0.256102431404615
3	91	0.135741221352013
3	92	0.152212165928929
3	93	0.223415627972042
3	94	0.0326981864243336
3	95	0.259846292565273
3	96	0.11245215857509
3	97	0.168630467587694
3	98	0.109629489037857
3	99	0.361470525379683
3	100	0.262749348392974
3	101	0.0594170200463012
3	102	0.174904180896865
3	103	0.289871339738576
3	104	0.196388355671209
3	105	0.246044730850651
3	106	0.187620985751614
3	107	0.384438596443939
3	108	0.245929754539335
3	109	0.051735276662496
3	110	0.401981777242993
3	111	0.0930789109076662
3	112	0.0371609876180867
3	113	0.262367293387874
3	114	0.190709556117753
3	115	0.23365981048417
3	116	0.251541137258197
3	117	0.103267381898718
3	118	0.255073158499267
3	119	0.147897165714704
3	120	0.066510709487583
3	121	0.11476916996712
3	122	0.273862924662899
3	123	0.312476067533624
3	124	0.267000404464505
3	125	0.191958020514516
3	126	0.21093120752183
3	127	0.29370300316349
3	128	0.288511565071278
3	129	0.121834178779712
3	130	0.0513777742758044
3	131	0.312149570598834
3	132	0.173501357820736
3	133	0.0775763219097456
3	134	0.186245297547661
3	135	0.291544112438451
3	136	0.0778749908058555
3	137	0.143417909475574
3	138	0.167151024706599
3	139	0.460700751636558
3	140	0.293616952510353
3	141	0.182012259424322
3	142	0.313487528079482
3	143	0.170898699879015
3	144	0.262533035263875
3	145	0.173369595899617
3	146	0.216197872995139
3	147	0.215747568729434
3	148	0.159111024754649
3	149	0.227576481102561
3	150	0.250784881491552
3	151	0.0322448567441615
3	152	0.187500542471069
3	153	0.116101008900677
3	154	0.164632637144758
3	155	0.146206015725913
3	156	0.129009361696151
3	157	0.0717437594097187
3	158	0.141694127704361
3	159	0.113297073497131
3	160	0.169433141890836
3	161	0.13200771959303
3	162	0.0364884635894134
3	163	0.320167700292134
3	164	0.204808549186342
3	165	0.192381637033957
3	166	0.168102263155095
3	167	0.257844614672338
3	168	0.341728540705721
3	169	0.0281109895779453
3	170	0.103320729707801
3	171	0.0193262463999627
3	172	0.0337408580452591
3	173	0.021445821039479
3	174	0.0508929718828315
3	175	0.144756075855541
3	176	0.408605485064661
3	177	0.206083035278965
3	178	0.162836193887064
3	179	0.11719275471223
3	180	0.045851824467148
3	181	0.234009101477456
3	182	0.0683295329730284
3	183	0.0889333900352213
3	184	0.174693009706823
3	185	0.227498331977821
3	186	0.238511225631608
3	187	0.117676810128232
3	188	0.175966452942259
3	189	0.228641213236959
3	190	0.0975415597290795
3	191	0.0576066158876908
3	192	0.374997015238961
3	193	0.0705194879917366
3	194	0.154463005393241
3	195	0.20926974762449
3	196	0.462440207566913
3	197	0.11235100098231
3	198	0.0826728748873461
3	199	0.281351877621908
3	200	0.133390268437039
3	201	0.242626683079065
3	202	0.18519127005847
3	203	0.427826739436721
3	204	0.108393658701493
3	205	0.257380333399938
3	206	0.201620055164505
3	207	0.0737195732560839
3	208	0.116672518236751
3	209	0.0934225072016012
3	210	0.160944182252097
3	211	0.0572687361518121
3	212	0.0703310445428198
3	213	0.246190754670048
3	214	0.251720296905344
3	215	0.225697982845998
3	216	0.0548794503051556
3	217	0.303527069631147
3	218	0.188115144348389
3	219	0.155326570828193
3	220	0.153346985869401
3	221	0.352706802224353
3	222	0.0714950204246355
3	223	0.166413774374689
3	224	0.377340152673187
3	225	0.153609483339233
3	226	0.121623183632306
3	227	0.292145685230866
3	228	0.450972892639063
3	229	0.084188383048747
3	230	0.514234827790853
3	231	0.431569885798576
3	232	0.204555036603337
3	233	0.0477994850368159
3	234	0.204924381805685
3	235	0.411483833041545
3	236	0.0623812595409116
3	237	0.190900868774798
3	238	0.297780522251802
3	239	0.203247771858862
3	240	0.227387044235712
3	241	0.327698365212457
3	242	0.0599129036116761
3	243	0.14518041644425
3	244	0.220207229974461
3	245	0.300577384698896
3	246	0.0161987066828077
3	247	0.316752458028298
3	248	0.255131430573567
3	249	0.0962490515340505
3	250	0.0675663132133021
3	251	0.275413298969313
3	252	0.416242766786248
3	253	0.106128001504615
3	254	0.103185936968666
3	255	0.402163006795162
3	256	0.251709162717904
3	257	0.0816592327011844
3	258	0.182655367503361
3	259	0.138931325486122
3	260	0.084817700374641
3	261	0.229258709046943
3	262	0.456584793526851
3	263	0.369687516442836
3	264	0.178189309646512
3	265	0.213888392074381
3	266	0.0877747356730705
3	267	0.122503592029363
3	268	0.20445975617024
3	269	0.190047149672574
3	270	0.197751482656596
3	271	0.183877917737333
3	272	0.122220732323196
3	273	0.0373531629782021
3	274	0.162468466136135
3	275	0.182379580273828
3	276	0.269447064390113
3	277	0.204738235414576
3	278	0.130906650767782
3	279	0.0883511291530367
3	280	0.162454229266795
3	281	0.11934900477015
3	282	0.0376679665544735
3	283	0.179825337943234
3	284	0.055434922349384
3	285	0.184842427691238
3	286	0.19310603203211
3	287	0.354122122266048
3	288	0.0554449562828897
3	289	0.164442057629489
3	290	0.198788626483955
3	291	0.0704339111155079
3	292	0.224297466938202
3	293	0.215854508865009
3	294	0.116476746728851
3	295	0.033287914637163
3	296	0.0986076930273671
3	297	0.173690250078182
3	298	0.224546935688777
3	299	0.422139077761932
3	300	0.195496482391164
3	301	0.358393742494966
3	302	0.280809826204438
3	303	0.161814108371406
3	304	0.166829749984042
3	305	0.143128806027245
3	306	0.279771419019143
3	307	0.482392105492071
3	308	0.224528245787313
3	309	0.0138839638608068
3	310	0.0187256224660525
3	311	0.375639957798154
3	312	0.0774454947111128
3	313	0.508522799515107
3	314	0.288988897425077
3	315	0.0828775972339943
3	316	0.234283760440075
3	317	0.0622914698532905
3	318	0.437314424950979
3	319	0.323764583844926
3	320	0.365851604390684
3	321	0.160735765933623
3	322	0.108109695207511
3	323	0.0545317852106801
3	324	0.231862560334255
3	325	0.0413923393072475
3	326	0.118369380422913
3	327	0.0653979001690319
3	328	0.148429380699788
3	329	0.148448705569674
3	330	0.085224120426053
3	331	0.253787739840162
3	332	0.0380713851647452
3	333	0.146455615342691
3	334	0.229599702366654
3	335	0.21645745906761
3	336	0.0950763940582924
3	337	0.183746419331015
3	338	0.0649795590021141
3	339	0.312668702257628
3	340	0.326972169806894
3	341	0.0759261952736486
3	342	0.0457658509900911
3	343	0.0607219305281935
3	344	0.195607614330158
3	345	0.412918602687694
3	346	0.118008883088365
3	347	0.105638744846163
3	348	0.0959257918200755
3	349	0.088101470362787
3	350	0.0400325343926967
3	351	0.155762588944582
3	352	0.05669766589431
3	353	0.220496487188901
3	354	0.0718483187967304
3	355	0.0696338762166834
3	356	0.0910794486716451
3	357	0.086100274933544
3	358	0.030583615205241
3	359	0.167405542727579
3	360	0.282361815116893
3	361	0.563
3	362	0.547
3	363	0.55
3	364	0.503
3	365	0.064
3	366	0.139
3	367	0
3	368	0
3	369	0.064709989279821
3	370	0.0314797090424625
3	371	0.0883473489772485
3	372	0.230630808859388
3	373	0.252743815139196
3	374	0.150986678521397
3	375	0.161508245742967
3	376	0.222302261701852
3	377	0.64
3	378	0.631
3	379	0.57
3	380	0.536
3	381	0.177
3	382	0.006
3	383	0
3	384	0
