plate	well	response
1	1	0.386755353034228
1	2	0.394490460094913
1	3	0.0798653605503411
1	4	0.0870532429998718
1	5	0.155269083984998
1	6	0.159927156504548
1	7	0.287316176025092
1	8	0.287316176025092
1	9	0.320867930597407
1	10	0.304824534067537
1	11	0.199480117076115
1	12	0.205464520588399
1	13	0.1684738801654
1	14	0.15162649214886
1	15	0.221107093009108
1	16	0.201207454638288
1	17	0.0859087533204135
1	18	0.0824724031875969
1	19	0.0957172236886344
1	20	0.0909313625042027
1	21	0.136443921065269
1	22	0.140537238697228
1	23	0.147107203184455
1	24	0.161817923502901
1	25	0.127927035914969
1	26	0.129206306274119
1	27	0.277343864872153
1	28	0.257929794331103
1	29	0.130480246319211
1	30	0.140918666024748
1	31	0.0491134671375732
1	32	0.0500957364803247
1	33	0.142641386907225
1	34	0.146920628514442
1	35	0.0722753265254609
1	36	0.0715525732602063
1	37	0.0254194495807981
1	38	0.026182033068222
1	39	0.158113195224406
1	40	0.16759998693787
1	41	0.198705371657268
1	42	0.19274421050755
1	43	0.275918959151728
1	44	0.297992475883867
1	45	0.0617306211925806
1	46	0.0679036833118386
1	47	0.0980383615725013
1	48	0.0901952926467012
1	49	0.134621245362595
1	50	0.126543970640839
1	51	0.195266815856874
1	52	0.205030156649718
1	53	0.183833443453082
1	54	0.174641771280428
1	55	0.203329027041156
1	56	0.191129285418686
1	57	0.0597102492955848
1	58	0.0650841717321875
1	59	0.0629577790329772
1	60	0.0692535569362749
1	61	0.107111630745813
1	62	0.117822793820394
1	63	0.34242055660577
1	64	0.338996351039712
1	65	0.195423820794795
1	66	0.209103488250431
1	67	0.325222838216682
1	68	0.331727294981016
1	69	0.113135100684035
1	70	0.104084292629312
1	71	0.13405340715806
1	72	0.144777679730704
1	73	0.28054816029696
1	74	0.308602976326656
1	75	0.0164833525132915
1	76	0.0156591848876269
1	77	0.257734442239007
1	78	0.244847720127057
1	79	0.103499642862892
1	80	0.112814610720552
1	81	0.237125281739937
1	82	0.232382776105139
1	83	0.153380754193236
1	84	0.165651214528695
1	85	0.00487777870818908
1	86	0.00521922321776232
1	87	0.418469648051623
1	88	0.405915558610075
1	89	0.330156316575184
1	90	0.349965695569695
1	91	0.115172276124827
1	92	0.123234335453564
1	93	0.203989326189375
1	94	0.216228685760738
1	95	0.162475605710925
1	96	0.164100361768034
1	97	0.0693402117289781
1	98	0.0665666032598189
1	99	0.144735909136667
1	100	0.131709677314367
1	101	0.264655605542085
1	102	0.272595273708347
1	103	0.154773598537344
1	104	0.156321334522717
1	105	0.0837513013720765
1	106	0.0770511972623104
1	107	0.300371086375655
1	108	0.324400773285707
1	109	0.200355042114372
1	110	0.196347941272085
1	111	0.147331808639694
1	112	0.150278444812488
1	113	0.0281663275982955
1	114	0.0295746439782103
1	115	0.281055699700408
1	116	0.297919041682432
1	117	0.171046105412762
1	118	0.153941494871485
1	119	0.224094333357548
1	120	0.23305810669185
1	121	0.171739150838614
1	122	0.18204349988893
1	123	0.0572536723431269
1	124	0.0555360621728331
1	125	0.372169968301326
1	126	0.394500166399406
1	127	0.175292791602394
1	128	0.166528152022274
1	129	0.0498060639803454
1	130	0.0547866703783799
1	131	0.336589530370983
1	132	0.319760053852434
1	133	0.282577280960001
1	134	0.293880372198401
1	135	0.150988401773815
1	136	0.150988401773815
1	137	0.0855716728307313
1	138	0.0838602393741167
1	139	0.244379106837251
1	140	0.244379106837251
1	141	0.181462929907816
1	142	0.183277559206894
1	143	0.187489746648794
1	144	0.18186505424933
1	145	0.1147952004024
1	146	0.12053496042252
1	147	0.156988511316584
1	148	0.166407821995579
1	149	0.0484979759242141
1	150	0.0484979759242141
1	151	0.104492361476351
1	152	0.110761903164932
1	153	0.192878266411284
1	154	0.192878266411284
1	155	0.225953615852464
1	156	0.228213152010988
1	157	0.171832481726541
1	158	0.175269131361072
1	159	0.0383912868406309
1	160	0.0345521581565678
1	161	0.174096215220357
1	162	0.175837177372561
1	163	0.077437346798355
1	164	0.0735654794584373
1	165	0.302902676931867
1	166	0.290786569854593
1	167	0.285045780398736
1	168	0.267943033574812
1	169	0.289516287318309
1	170	0.286621124445126
1	171	0.249921285694835
1	172	0.254919711408732
1	173	0.105568746657587
1	174	0.10979149652389
1	175	0.388071768818412
1	176	0.411356074947517
1	177	0.119227741178291
1	178	0.129958237884337
1	179	0.209628952981022
1	180	0.228495558749313
1	181	0.122285297586189
1	182	0.122285297586189
1	183	0.152533254937369
1	184	0.143381259641127
1	185	0.159300835915479
1	186	0.175230919507027
1	187	0.282586542575105
1	188	0.265631350020599
1	189	0.373163992287846
1	190	0.391822191902239
1	191	0.279220317706167
1	192	0.284804724060291
1	193	0.16758786014028
1	194	0.182670767552905
1	195	0.255263057407521
1	196	0.229736751666769
1	197	0.0471134016844147
1	198	0.0499402057854796
1	199	0.0481113483544889
1	200	0.0500358022886684
1	201	0.312838934589858
1	202	0.287811819822669
1	203	0.101170446380125
1	204	0.10521726423533
1	205	0.129806798436989
1	206	0.127210662468249
1	207	0.238923770466121
1	208	0.234145295056799
1	209	0.175856115099479
1	210	0.193441726609427
1	211	0.00296071324551962
1	212	0.00281267758324364
1	213	0.0405483142467281
1	214	0.0433866962439991
1	215	0.225276868128048
1	216	0.232035174171889
1	217	0.535841413941202
1	218	0.567991898777674
1	219	0.16220167647796
1	220	0.149225542359724
1	221	0.215100884773668
1	222	0.206496849382721
1	223	0.0833047496607741
1	224	0.0749742746946967
1	225	0.235918784538523
1	226	0.214686093930056
1	227	0.210120056690706
1	228	0.201715254423077
1	229	0.284281769736501
1	230	0.258696410460216
1	231	0.152180181992922
1	232	0.141527569253418
1	233	0.0104122286154673
1	234	0.00999573947084861
1	235	0.388140797515664
1	236	0.419192061316918
1	237	0.0670202739282004
1	238	0.0623288547532263
1	239	0.132730347616487
1	240	0.123439223283333
1	241	0.100943507216162
1	242	0.109018987793455
1	243	0.258061634748024
1	244	0.234836087620702
1	245	0.301320912041257
1	246	0.322413375884145
1	247	0.0579940966126796
1	248	0.0585740375788064
1	249	0.473566458391575
1	250	0.497244781311153
1	251	0.108705967117124
1	252	0.116315384815322
1	253	0.138414989698403
1	254	0.152256488668243
1	255	0.219152491738549
1	256	0.22353554157332
1	257	0.136125732653749
1	258	0.125235674041449
1	259	0.0854035500513756
1	260	0.0896737275539444
1	261	0.152746109056088
1	262	0.13899895924104
1	263	0.17712858301409
1	264	0.17712858301409
1	265	0.157487545724695
1	266	0.168511673925424
1	267	0.104460811546664
1	268	0.0940147303919979
1	269	0.337709935256177
1	270	0.341087034608738
1	271	0.0829006349017689
1	272	0.0903616920429281
1	273	0.137950712253704
1	274	0.13519169800863
1	275	0.0374952217887825
1	276	0.0363703651351191
1	277	0.145890133850561
1	278	0.138595627158033
1	279	0.337776770216882
1	280	0.310754628599532
1	281	0.103814017261561
1	282	0.099661456571099
1	283	0.12992118294363
1	284	0.132519606602502
1	285	0.113748895306348
1	286	0.106923961587967
1	287	0.165062637794367
1	288	0.163412011416423
1	289	0.0858234370567118
1	290	0.0772410933510406
1	291	0.0859548242234817
1	292	0.0859548242234817
1	293	0.075082341696197
1	294	0.0788364587810069
1	295	0.158390201168369
1	296	0.144135083063216
1	297	0.475602422206891
1	298	0.451822301096546
1	299	0.251236365225012
1	300	0.246211637920512
1	301	0.0477987686049379
1	302	0.0444528548025922
1	303	0.571335578421329
1	304	0.519915376363409
1	305	0.030962281221883
1	306	0.0325103952829772
1	307	0.0564544139336134
1	308	0.0587125904909579
1	309	0.0808735423986189
1	310	0.0873434257905085
1	311	0.145615890114263
1	312	0.138335095608549
1	313	0.250229901149772
1	314	0.255234499172768
1	315	0.303706743865675
1	316	0.288521406672391
1	317	0.555518587263746
1	318	0.505521914410009
1	319	0.196846428714014
1	320	0.194877964426874
1	321	0.179886065404885
1	322	0.197874671945373
1	323	0.0597578135127534
1	324	0.0651360167289012
1	325	0.181020587515017
1	326	0.186451205140468
1	327	0.169808386060781
1	328	0.179996889224428
1	329	0.187225664844842
1	330	0.179736638251048
1	331	0.297680058329438
1	332	0.285772855996261
1	333	0.115321280311064
1	334	0.110708429098622
1	335	0.233604916204497
1	336	0.217252572070183
1	337	0.108933533855593
1	338	0.0991295158085896
1	339	0.047187087127077
1	340	0.0476589579983478
1	341	0.0449533970152143
1	342	0.0489992027465836
1	343	0.26361733713653
1	344	0.284706724107452
1	345	0.0421490064661351
1	346	0.0400415561428283
1	347	0.120208046798757
1	348	0.116601805394795
1	349	0.510145291417629
1	350	0.474435121018395
1	351	0.0538210286096421
1	352	0.0581267108984135
1	353	0.273185891974355
1	354	0.281381468733585
1	355	0.102009577180016
1	356	0.0979291940928153
1	357	0.125185182460018
1	358	0.113918516038616
1	359	0.0494775749301453
1	360	0.0544253324231599
1	361	0.506
1	362	0.51106
1	363	0.584
1	364	0.54312
1	365	0.101
1	366	0.09898
1	367	0
1	368	0
1	369	0.378163986595095
1	370	0.351692507533438
1	371	0.0052269607916717
1	372	0.005540578439172
1	373	0.243656799957978
1	374	0.265585911954196
1	375	0.0288588469670654
1	376	0.0279930815580535
1	377	0.649
1	378	0.5841
1	379	0.649
1	380	0.65549
1	381	0.006
1	382	0.00636
1	383	0
1	384	0
2	1	0.0502774706862209
2	2	0.0512830200999453
2	3	0.170865243413049
2	4	0.153778719071744
2	5	0.370884789507113
2	6	0.348631702136687
2	7	0.0202153342552023
2	8	0.0183959541722341
2	9	0.2046912315909
2	10	0.212878880854536
2	11	0.174434825709309
2	12	0.19187830828024
2	13	0.059278209367561
2	14	0.0652060303043171
2	15	0.411371512449061
2	16	0.390802936826608
2	17	0.262162156812637
2	18	0.264783778380763
2	19	0.0223714605851961
2	20	0.0217003167676402
2	21	0.134535805105421
2	22	0.135881163156475
2	23	0.0631442800517064
2	24	0.059987066049121
2	25	0.160759577284453
2	26	0.163974768830142
2	27	0.502094591975238
2	28	0.552304051172762
2	29	0.140340225850637
2	30	0.131919812299599
2	31	0.273472204301427
2	32	0.295349980645541
2	33	0.23993089441053
2	34	0.220736422857688
2	35	0.251144104209428
2	36	0.238586898998956
2	37	0.248992538048167
2	38	0.229073135004314
2	39	0.0861358233844631
2	40	0.0913039727875309
2	41	0.293462210876755
2	42	0.31106994352936
2	43	0.156172846194483
2	44	0.145240746960869
2	45	0.153802102074557
2	46	0.158416165136794
2	47	0.420884151943954
2	48	0.45876372561891
2	49	0.129580182352324
2	50	0.13217178599937
2	51	0.0572564042787261
2	52	0.0515307638508535
2	53	0.167206567796732
2	54	0.155502108050961
2	55	0.0790463948613306
2	56	0.0837891785530104
2	57	0.160221439012562
2	58	0.150608152671808
2	59	0.173184750227247
2	60	0.180112140236336
2	61	0.132998429951449
2	62	0.14230832004805
2	63	0.137685706864735
2	64	0.13493199272744
2	65	0.0488934233490261
2	66	0.0518270287499677
2	67	0.156576625744457
2	68	0.150313560714679
2	69	0.0295590503793965
2	70	0.0280810978604267
2	71	0.256299758104875
2	72	0.276803738753265
2	73	0.0614392405578882
2	74	0.057752886124415
2	75	0.371411022617043
2	76	0.378839243069384
2	77	0.201231493454082
2	78	0.199219178519541
2	79	0.10924215233073
2	80	0.113611838423959
2	81	0.440166511501586
2	82	0.453371506846634
2	83	0.377600013298838
2	84	0.362496012766884
2	85	0.207405281240739
2	86	0.215701492490369
2	87	0.253401176575175
2	88	0.235663094214913
2	89	0.0927079406537797
2	90	0.0852913054014773
2	91	0.261860246398087
2	92	0.277571861181972
2	93	0.103900369566756
2	94	0.110134391740761
2	95	0.289595099071754
2	96	0.315658657988212
2	97	0.284907323946686
2	98	0.310548983101888
2	99	0.121957511641725
2	100	0.125616236990977
2	101	0.265563336653061
2	102	0.268218970019592
2	103	0.403734405669668
2	104	0.383547685386184
2	105	0.289685470698522
2	106	0.280994906577567
2	107	0.0849392189751845
2	108	0.0781440814571697
2	109	0.154047123899875
2	110	0.16020900885587
2	111	0.173211217433716
2	112	0.16455065656203
2	113	0.288307070966996
2	114	0.305605495225016
2	115	0.215822517903454
2	116	0.200714941650212
2	117	0.364785240542425
2	118	0.350193830920728
2	119	0.128399377745427
2	120	0.120695415080701
2	121	0.185393256779824
2	122	0.185393256779824
2	123	0.167638736371542
2	124	0.181049835281265
2	125	0.00855311349578242
2	126	0.00889523803561372
2	127	0.0869172488059419
2	128	0.0930014562223578
2	129	0.180188375818976
2	130	0.198207213400874
2	131	0.0614134925473171
2	132	0.0632558973237366
2	133	0.0656249238425897
2	134	0.0675936715578674
2	135	0.163947185116129
2	136	0.180341903627742
2	137	0.130653818300614
2	138	0.118894974653559
2	139	0.122610010607077
2	140	0.12751441103136
2	141	0.175083746482186
2	142	0.180336258876651
2	143	0.121710634176081
2	144	0.131447484910168
2	145	0.253755225737053
2	146	0.253755225737053
2	147	0.24908601171002
2	148	0.24908601171002
2	149	0.200140921279949
2	150	0.198139512067149
2	151	0.113380204978943
2	152	0.106577392680206
2	153	0.109434425042332
2	154	0.110528769292755
2	155	0.128547590580427
2	156	0.137545921921057
2	157	0.264553713938064
2	158	0.251326028241161
2	159	0.0855864702414845
2	160	0.0804512820269954
2	161	0.295015417019538
2	162	0.295015417019538
2	163	0.250964346885488
2	164	0.271041494636327
2	165	0.0167418289966819
2	166	0.0170766655766155
2	167	0.0952522091825226
2	168	0.0952522091825226
2	169	0.0809066118856372
2	170	0.0736250168159299
2	171	0.0571795753261236
2	172	0.0520334135467725
2	173	0.223890107238364
2	174	0.241801315817433
2	175	0.0905079979590275
2	176	0.0814571981631248
2	177	0.193873880289353
2	178	0.201628835500927
2	179	0.122662425398575
2	180	0.110396182858717
2	181	0.2464348984707
2	182	0.243970549485993
2	183	0.0244128125081758
2	184	0.0263658375088298
2	185	0.177637726282863
2	186	0.159873953654577
2	187	0.113841602911757
2	188	0.110426354824404
2	189	0.0851940274841557
2	190	0.0834901469344726
2	191	0.206729694128983
2	192	0.225335366600592
2	193	0.153776758410768
2	194	0.156852293578983
2	195	0.0938236661329741
2	196	0.0985148494396228
2	197	0.234105524368205
2	198	0.210694971931384
2	199	0.295868825137097
2	200	0.281075383880242
2	201	0.165747855857174
2	202	0.149173070271457
2	203	0.147695457894477
2	204	0.153603276210256
2	205	0.184903083326528
2	206	0.186752114159793
2	207	0.19098139424507
2	208	0.19098139424507
2	209	0.263302095494465
2	210	0.242237927854908
2	211	0.215443500305669
2	212	0.198208020281216
2	213	0.0860630687577581
2	214	0.0852024380701805
2	215	0.260270951855438
2	216	0.278489918485319
2	217	0.2482404010276
2	218	0.26065242107898
2	219	0.188613934899526
2	220	0.203703049691488
2	221	0.12490054872853
2	222	0.114908504830247
2	223	0.220461888717997
2	224	0.227075745379537
2	225	0.184743871594321
2	226	0.19582850388998
2	227	0.181492002343299
2	228	0.176047242273
2	229	0.284279078491303
2	230	0.261536752211999
2	231	0.480572814447764
2	232	0.480572814447764
2	233	0.292924171114097
2	234	0.322216588225507
2	235	0.135846398907981
2	236	0.131771006940742
2	237	0.0657353695271432
2	238	0.0690221380035004
2	239	0.0888215604429092
2	240	0.0959272852783419
2	241	0.284776180739774
2	242	0.313253798813751
2	243	0.123543911498111
2	244	0.132191985302979
2	245	0.00457047827389749
2	246	0.00420484001198569
2	247	0.0616598078744583
2	248	0.0604266117169691
2	249	0.162276169729513
2	250	0.176881025005169
2	251	0.385713024179981
2	252	0.350998852003783
2	253	0.215764040282565
2	254	0.235182803907996
2	255	0.169503503947319
2	256	0.183063784263104
2	257	0.234248071481593
2	258	0.213165745048249
2	259	0.393987638050593
2	260	0.386107885289582
2	261	0.150207903716905
2	262	0.145701666605398
2	263	0.123969613486279
2	264	0.127688701890868
2	265	0.130336256347545
2	266	0.118605993276266
2	267	0.03282845796512
2	268	0.0354547346023296
2	269	0.143310124610888
2	270	0.150475630841432
2	271	0.0476895420867034
2	272	0.0486433329284374
2	273	0.186965348528581
2	274	0.190704655499153
2	275	0.212855677672349
2	276	0.208598564118902
2	277	0.311100252987993
2	278	0.342210278286793
2	279	0.0466929559841973
2	280	0.0480937446637232
2	281	0.122096659873117
2	282	0.129422459465504
2	283	0.213471866062145
2	284	0.200663554098417
2	285	0.0655687437016414
2	286	0.0701585557607563
2	287	0.281996125306731
2	288	0.276356202800596
2	289	0.475465147597049
2	290	0.442182587265255
2	291	0.158126711073888
2	292	0.170776847959799
2	293	0.198565978478452
2	294	0.214451256756728
2	295	0.304995411427735
2	296	0.308045365542012
2	297	0.144195491281439
2	298	0.134101806891738
2	299	0.167455657718509
2	300	0.170804770872879
2	301	0.0361293764847734
2	302	0.0328777326011438
2	303	0.242597206043076
2	304	0.262004982526523
2	305	0.301008597494199
2	306	0.291978339569373
2	307	0.210835784913531
2	308	0.202402353516989
2	309	0.268664105864455
2	310	0.244484336336654
2	311	0.0832601194912972
2	312	0.0849253218811232
2	313	0.0475551303300581
2	314	0.0508839894531622
2	315	0.472332345253265
2	316	0.4628856983482
2	317	0.0226412655260335
2	318	0.0226412655260335
2	319	0.138300010646097
2	320	0.143832011071941
2	321	0.138814127704428
2	322	0.127708997488074
2	323	0.276517512850342
2	324	0.251630936693811
2	325	0.167821899546024
2	326	0.167821899546024
2	327	0.222418045291427
2	328	0.222418045291427
2	329	0.25367175861362
2	330	0.261281911372028
2	331	0.296503707759509
2	332	0.272783411138748
2	333	0.122690600225691
2	334	0.121463694223434
2	335	0.0522977834275776
2	336	0.0491599164219229
2	337	0.429263588393215
2	338	0.407800408973554
2	339	0.155994482794425
2	340	0.154434537966481
2	341	0.303391857707371
2	342	0.282154427667855
2	343	0.219625388112201
2	344	0.204251610944347
2	345	0.194875160022427
2	346	0.202670166423324
2	347	0.11328210986948
2	348	0.11554775206687
2	349	0.115987946332712
2	350	0.119467584722693
2	351	0.146930504788525
2	352	0.14839980983641
2	353	0.0194758616865163
2	354	0.0212286892383028
2	355	0.226977399322091
2	356	0.213358755362766
2	357	0.246572683036084
2	358	0.23424404888428
2	359	0.0510749065578145
2	360	0.0556716481480178
2	361	0.566
2	362	0.5094
2	363	0.617
2	364	0.56764
2	365	0.011
2	366	0.01056
2	367	0
2	368	0
2	369	0.317759452081073
2	370	0.320937046601883
2	371	0.0114618275964705
2	372	0.0110033544926117
2	373	0.157055565912409
2	374	0.14606167629854
2	375	0.255039228955942
2	376	0.252488836666382
2	377	0.636
2	378	0.62328
2	379	0.525
2	380	0.567
2	381	0.178
2	382	0.1602
2	383	0
2	384	0
3	1	0.358630645884561
3	2	0.369389565261098
3	3	0.146518676494585
3	4	0.159705357379098
3	5	0.114870657384921
3	6	0.103383591646429
3	7	0.352762569219281
3	8	0.384511200449017
3	9	0.411594680539484
3	10	0.419826574150273
3	11	0.218792248940839
3	12	0.240671473834923
3	13	0.439706279852536
3	14	0.395735651867282
3	15	0.223466976312276
3	16	0.214528297259785
3	17	0.294011741576614
3	18	0.317532680902744
3	19	0.136992948647372
3	20	0.132883160187951
3	21	0.181046932189496
3	22	0.177425993545706
3	23	0.302440914967144
3	24	0.332685006463858
3	25	0.125639509642386
3	26	0.129408694931657
3	27	0.240102186520675
3	28	0.242503208385882
3	29	0.353115815683328
3	30	0.346053499369661
3	31	0.0435383876297854
3	32	0.0413614682482961
3	33	0.377690075094267
3	34	0.38146697584521
3	35	0.0886801253642055
3	36	0.0913405291251316
3	37	0.317766643756017
3	38	0.308233644443336
3	39	0.108400197508481
3	40	0.101896185657972
3	41	0.306794166651792
3	42	0.331337699983936
3	43	0.152161417630811
3	44	0.158247874336044
3	45	0.253141331152167
3	46	0.248078504529123
3	47	0.122322641069444
3	48	0.12966199953361
3	49	0.0764250762103398
3	50	0.07871782849665
3	51	0.0939322643924036
3	52	0.0976895549680998
3	53	0.0880092026825739
3	54	0.0827286505216195
3	55	0.0619319136832143
3	56	0.0662671476410393
3	57	0.174214128583758
3	58	0.184666976298784
3	59	0.180820330104772
3	60	0.164546500395342
3	61	0.195794598010277
3	62	0.213416111831202
3	63	0.0418898968686875
3	64	0.04021430099394
3	65	0.130792462516037
3	66	0.125560764015396
3	67	0.084803699982947
3	68	0.0797154779839702
3	69	0.155812054172348
3	70	0.169835139047859
3	71	0.157583975014647
3	72	0.152856455764208
3	73	0.174510542614318
3	74	0.171020331762032
3	75	0.0459699865408238
3	76	0.0496475854640897
3	77	0.177202239297183
3	78	0.19315044083393
3	79	0.149426169095594
3	80	0.137472075567947
3	81	0.227913470579955
3	82	0.250704817637951
3	83	0.211279138110988
3	84	0.192264015680999
3	85	0.0750997105649201
3	86	0.0690917337197264
3	87	0.275153882467069
3	88	0.299917731889105
3	89	0.130937228648667
3	90	0.124390367216233
3	91	0.28317896179944
3	92	0.254861065619496
3	93	0.00537023379286507
3	94	0.00494061508943586
3	95	0.0490837823425632
3	96	0.0510471336362658
3	97	0.0834204848032107
3	98	0.0809178702591144
3	99	0.174966919266828
3	100	0.187214603615506
3	101	0.207100724449549
3	102	0.205029717205054
3	103	0.139894171608027
3	104	0.148287821904508
3	105	0.591979651920783
3	106	0.62749843103603
3	107	0.162142243358228
3	108	0.175113622826886
3	109	0.277504793142521
3	110	0.305255272456773
3	111	0.13759757640774
3	112	0.144477455228127
3	113	0.100371801593123
3	114	0.0993680835771916
3	115	0.123377643666444
3	116	0.129546525849766
3	117	0.345160947228187
3	118	0.334806118811342
3	119	0.19885860305071
3	120	0.182949914806653
3	121	0.0409955982350724
3	122	0.038535862340968
3	123	0.313306113259439
3	124	0.313306113259439
3	125	0.223865925243066
3	126	0.217149947485774
3	127	0.36896409198104
3	128	0.357895169221609
3	129	0.0838850895516456
3	130	0.0872404931337114
3	131	0.188709983121911
3	132	0.173613184472158
3	133	0.123032946668819
3	134	0.119341958268755
3	135	0.188390722023609
3	136	0.180855093142665
3	137	0.180911365095657
3	138	0.166438455888004
3	139	0.137683155519261
3	140	0.139059987074454
3	141	0.238434396851331
3	142	0.240818740819845
3	143	0.148140741522042
3	144	0.161473408259026
3	145	0.319613082245188
3	146	0.348378259647255
3	147	0.074436312792476
3	148	0.0789024915600245
3	149	0.281677502781576
3	150	0.27886072775376
3	151	0.165243357159032
3	152	0.158633622872671
3	153	0.0530314243154179
3	154	0.0498495388564928
3	155	0.0442422468400483
3	156	0.0455695142452497
3	157	0.214283505136467
3	158	0.218569175239197
3	159	0.166391646808021
3	160	0.153080315063379
3	161	0.22180784345738
3	162	0.237334392499397
3	163	0.158032427838861
3	164	0.164353724952416
3	165	0.159756138099774
3	166	0.153365892575783
3	167	0.286330976848432
3	168	0.280604357311463
3	169	0.161846043140931
3	170	0.16508296400375
3	171	0.0300989066836596
3	172	0.0307008848173328
3	173	0.186068276967791
3	174	0.17862554588908
3	175	0.100578732811304
3	176	0.101584520139417
3	177	0.0665958896119984
3	178	0.0645980129236384
3	179	0.129045586376534
3	180	0.141950145014187
3	181	0.167258247260757
3	182	0.182311489514225
3	183	0.0407755000035274
3	184	0.0444452950038449
3	185	0.122452564988923
3	186	0.134697821487815
3	187	0.127864307200638
3	188	0.136814808704682
3	189	0.00929723501315679
3	190	0.00836751151184112
3	191	0.0812765739512443
3	192	0.0869659341278314
3	193	0.100497849800269
3	194	0.0904480648202424
3	195	0.186967439271548
3	196	0.185097764878832
3	197	0.0852904730421673
3	198	0.083584663581324
3	199	0.229082195404582
3	200	0.217628085634353
3	201	0.107557780453663
3	202	0.0968020024082964
3	203	0.141306657421486
3	204	0.127175991679338
3	205	0.146401725061853
3	206	0.144937707811234
3	207	0.0905720362109934
3	208	0.0932891972973232
3	209	0.141445816092567
3	210	0.132959067127013
3	211	0.15517165485124
3	212	0.153619938302727
3	213	0.148534863015597
3	214	0.142593468494973
3	215	0.181970492348641
3	216	0.174691672654696
3	217	0.550639854928997
3	218	0.534120659281127
3	219	0.26400941879975
3	220	0.25344904204776
3	221	0.106155606719302
3	222	0.113586499189653
3	223	0.0642603878250639
3	224	0.069401218851069
3	225	0.183745287722796
3	226	0.18007038196834
3	227	0.178339942451901
3	228	0.16228934763123
3	229	0.179567895728857
3	230	0.195729006344454
3	231	0.135915399768275
3	232	0.129119629779861
3	233	0.380474912593354
3	234	0.395693909097088
3	235	0.354533848927305
3	236	0.372260541373671
3	237	0.094226546485993
3	238	0.0913997500914132
3	239	0.131485907523435
3	240	0.134115625673903
3	241	0.132535070464375
3	242	0.140487174692238
3	243	0.0646720099085858
3	244	0.068552330503101
3	245	0.0942401488291834
3	246	0.0980097547823507
3	247	0.247868533653381
3	248	0.242911162980314
3	249	0.255003077625416
3	250	0.27540332383545
3	251	0.318780177848421
3	252	0.309216772512968
3	253	0.0024863703178807
3	254	0.00263555253695354
3	255	0.136177547626033
3	256	0.132092221197252
3	257	0.245524793949533
3	258	0.25780103364701
3	259	0.290041205775769
3	260	0.31324450223783
3	261	0.376860920029256
3	262	0.399472575231011
3	263	0.367112428394173
3	264	0.374454676962057
3	265	0.292723325786336
3	266	0.32199565836497
3	267	0.0505295476160714
3	268	0.0490136611875892
3	269	0.0794877102334147
3	270	0.0850518499497537
3	271	0.0836146610001836
3	272	0.091976127100202
3	273	0.162706335187432
3	274	0.149689828372438
3	275	0.255441026174933
3	276	0.245223385127936
3	277	0.221702077307079
3	278	0.208399952668654
3	279	0.196756831910094
3	280	0.204627105186498
3	281	0.200493638812761
3	282	0.212523257141527
3	283	0.0914287132132789
3	284	0.0914287132132789
3	285	0.184572390099602
3	286	0.195646733505578
3	287	0.208694292502578
3	288	0.208694292502578
3	289	0.252309438692986
3	290	0.237170872371407
3	291	0.0300607898246207
3	292	0.0273553187404048
3	293	0.0823142007596138
3	294	0.0839604847748061
3	295	0.356751534843173
3	296	0.331778927404151
3	297	0.299981030237446
3	298	0.281982168423199
3	299	0.361094439854587
3	300	0.397203883840046
3	301	0.128810799314789
3	302	0.122370259349049
3	303	0.29580799138452
3	304	0.298766071298365
3	305	0.175344870418744
3	306	0.185865562643869
3	307	0.397057930078831
3	308	0.361322716371736
3	309	0.138299032055013
3	310	0.143830993337214
3	311	0.406841831656614
3	312	0.374294485124085
3	313	0.151333424081427
3	314	0.163440098007941
3	315	0.111355198305958
3	316	0.121377166153494
3	317	0.0711216230105009
3	318	0.0775225690814459
3	319	0.283164653091923
3	320	0.305817825339276
3	321	0.123158650336993
3	322	0.129316582853843
3	323	0.179153676847971
3	324	0.175570603311012
3	325	0.152874106135145
3	326	0.165104034625956
3	327	0.497407912587135
3	328	0.487459754335393
3	329	0.177624387187895
3	330	0.159861948469105
3	331	0.261009208480442
3	332	0.250568840141224
3	333	0.109525987006072
3	334	0.105144947525829
3	335	0.0771174576582981
3	336	0.0771174576582981
3	337	0.0450345785321917
3	338	0.0405311206789725
3	339	0.0613283130107327
3	340	0.0650080117913766
3	341	0.122009102851944
3	342	0.118348829766386
3	343	0.2029559461315
3	344	0.192808148824925
3	345	0.153157141151091
3	346	0.156220283974113
3	347	0.113317491266172
3	348	0.118983365829481
3	349	0.475896988284547
3	350	0.490173897933083
3	351	0.0969768064167596
3	352	0.0950372702884244
3	353	0.356630296106109
3	354	0.385160719794598
3	355	0.204414692921922
3	356	0.222812015284895
3	357	0.280753502594398
3	358	0.255485687360902
3	359	0.138771602863813
3	360	0.124894442577432
3	361	0.559
3	362	0.58695
3	363	0.638
3	364	0.7018
3	365	0.138
3	366	0.13662
3	367	0
3	368	0
3	369	0.229961932518819
3	370	0.250658506445513
3	371	0.171201170143268
3	372	0.186609275456162
3	373	0.159636282416256
3	374	0.146865379822955
3	375	0.0174120851849097
3	376	0.0181085685923061
3	377	0.503
3	378	0.53318
3	379	0.547
3	380	0.56341
3	381	0.109
3	382	0.11227
3	383	0
3	384	0
4	1	0.162688552415922
4	2	0.157807895843445
4	3	0.196514497484407
4	4	0.188653917585031
4	5	0.0408064369762141
4	6	0.0424386944552627
4	7	0.317017253328234
4	8	0.304336563195104
4	9	0.142858708550444
4	10	0.142858708550444
4	11	0.132396806335035
4	12	0.136368710525086
4	13	0.268899127828696
4	14	0.27427711038527
4	15	0.124203416628369
4	16	0.130413587459787
4	17	0.0803493994123501
4	18	0.0731179534652386
4	19	0.154380774453436
4	20	0.157468389942504
4	21	0.106631177754728
4	22	0.106631177754728
4	23	0.189911767961715
4	24	0.180416179563629
4	25	0.097692807526459
4	26	0.105508232128576
4	27	0.170672692424899
4	28	0.179206327046144
4	29	0.0434570730470085
4	30	0.0399805072032478
4	31	0.120427915362624
4	32	0.125245031977129
4	33	0.199411649934422
4	34	0.189441067437701
4	35	0.0287796658537463
4	36	0.0284918691952088
4	37	0.361169324734981
4	38	0.357557631487631
4	39	0.304388117387936
4	40	0.310475879735694
4	41	0.189099464446898
4	42	0.208009410891588
4	43	0.138367896235951
4	44	0.14113525416067
4	45	0.242981768404666
4	46	0.257560674508946
4	47	0.372082985501696
4	48	0.368362155646679
4	49	0.272907216557564
4	50	0.25653278356411
4	51	0.111233707393748
4	52	0.103447347876186
4	53	0.0386437355756349
4	54	0.0390301729313913
4	55	0.180604371404138
4	56	0.164349977977765
4	57	0.375368197286079
4	58	0.401643971096105
4	59	0.046621358274935
4	60	0.0433578631956895
4	61	0.109984854933111
4	62	0.114384249130436
4	63	0.153843327822703
4	64	0.159997060935611
4	65	0.147947066886924
4	66	0.1538649495624
4	67	0.127965921333012
4	68	0.130525239759672
4	69	0.277397758711034
4	70	0.302363556995027
4	71	0.141830428509761
4	72	0.140412124224663
4	73	0.404336468879407
4	74	0.440726751078554
4	75	0.282978421121013
4	76	0.308446479021905
4	77	0.394986516629674
4	78	0.371287325631893
4	79	0.407486563153159
4	80	0.366737906837843
4	81	0.16638514074889
4	82	0.158065883711445
4	83	0.253084939188923
4	84	0.248023240405145
4	85	0.168600082497077
4	86	0.180402088271872
4	87	0.133113133912902
4	88	0.141099921947676
4	89	0.0714669069337515
4	90	0.0771842594884516
4	91	0.256718470205197
4	92	0.251584100801093
4	93	0.221574134276598
4	94	0.223789875619364
4	95	0.319886112550456
4	96	0.339079279303484
4	97	0.0360432092716233
4	98	0.0331597525298934
4	99	0.180908118713434
4	100	0.168244550403493
4	101	0.037805496421173
4	102	0.037805496421173
4	103	0.146716233586047
4	104	0.132044610227442
4	105	0.179704083669696
4	106	0.195877451199969
4	107	0.237071494059551
4	108	0.251295783703124
4	109	0.129370567944413
4	110	0.129370567944413
4	111	0.111240191136184
4	112	0.110127789224822
4	113	0.262952768003108
4	114	0.283988989443357
4	115	0.311525865903343
4	116	0.323986900539476
4	117	0.247553012882776
4	118	0.252504073140431
4	119	0.131068996204808
4	120	0.120583476508423
4	121	0.119096190954198
4	122	0.10837753376832
4	123	0.226132864882051
4	124	0.212564892989128
4	125	0.160866283288623
4	126	0.152822969124192
4	127	0.157129497344577
4	128	0.161843382264914
4	129	0.124334018743301
4	130	0.119360657993569
4	131	0.244917132825828
4	132	0.235120447512795
4	133	0.0746245461614738
4	134	0.0694008279301706
4	135	0.158124974826937
4	136	0.169193723064823
4	137	0.0970894248481111
4	138	0.105827473084441
4	139	0.0996994300866907
4	140	0.106678390192759
4	141	0.0418463053440199
4	142	0.0393355270233787
4	143	0.228314981651028
4	144	0.237447580917069
4	145	0.148594152777607
4	146	0.136706620555398
4	147	0.191936620723838
4	148	0.205372184174506
4	149	0.15043129645413
4	150	0.154944235347754
4	151	0.184981631222749
4	152	0.184981631222749
4	153	0.0326012238996324
4	154	0.0293411015096692
4	155	0.14983861180654
4	156	0.134854750625886
4	157	0.138608681591522
4	158	0.134450421143776
4	159	0.113517081275743
4	160	0.124868789403317
4	161	0.101934690298948
4	162	0.0927605681720426
4	163	0.109890598630993
4	164	0.116484034548852
4	165	0.269800627754623
4	166	0.29408268425254
4	167	0.0609066728845122
4	168	0.0584704059691317
4	169	0.389266371653836
4	170	0.42819300881922
4	171	0.229314207515528
4	172	0.236193633740994
4	173	0.463036494833336
4	174	0.421363210298336
4	175	0.0612900574629049
4	176	0.0551610517166144
4	177	0.20481961545968
4	178	0.190482242377502
4	179	0.279621608331308
4	180	0.26284431183143
4	181	0.379012279091023
4	182	0.405543138627395
4	183	0.133215095827894
4	184	0.126554341036499
4	185	0.0527614857098173
4	186	0.0495957965672283
4	187	0.216513781064094
4	188	0.231669745738581
4	189	0.194927002816975
4	190	0.204673352957824
4	191	0.093070028935664
4	192	0.0837630260420976
4	193	0.152935157436216
4	194	0.154464509010578
4	195	0.19877299990379
4	196	0.186846619909563
4	197	0.0218097541597529
4	198	0.0237726320341307
4	199	0.213378794026978
4	200	0.224047733728327
4	201	0.457997707385655
4	202	0.448837753237942
4	203	0.349378381936052
4	204	0.33190946283925
4	205	0.127881128842312
4	206	0.132996373996005
4	207	0.182989101943716
4	208	0.17383964684653
4	209	0.38754529247319
4	210	0.403047104172118
4	211	0.233116869726881
4	212	0.219129857543268
4	213	0.0469470854046488
4	214	0.0436607894263233
4	215	0.16712165000344
4	216	0.155423134503199
4	217	0.0840627027262497
4	218	0.0849033297535122
4	219	0.259673715040798
4	220	0.277850875093654
4	221	0.34876590690037
4	222	0.369691861314392
4	223	0.0150117551705864
4	224	0.015462107825704
4	225	0.237951065375051
4	226	0.256987150605055
4	227	0.132671481443576
4	228	0.124711192556961
4	229	0.168135826183891
4	230	0.18494940880228
4	231	0.149376729518787
4	232	0.156845565994726
4	233	0.189849188846966
4	234	0.189849188846966
4	235	0.0852857841309002
4	236	0.0793157792417372
4	237	0.033215612288915
4	238	0.0348763929033607
4	239	0.392178797369855
4	240	0.368648069527664
4	241	0.0990338593725733
4	242	0.105966229528653
4	243	0.269677517487212
4	244	0.296645269235934
4	245	0.148656359294068
4	246	0.145683232108187
4	247	0.367774110314957
4	248	0.338352181489761
4	249	0.0980434718713005
4	250	0.103926080183579
4	251	0.316206134515176
4	252	0.300395827789418
4	253	0.322804045567014
4	254	0.342172288301035
4	255	0.0729492160274268
4	256	0.073678708187701
4	257	0.309627383641788
4	258	0.312723657478206
4	259	0.482554745226876
4	260	0.439124818156457
4	261	0.256547781602228
4	262	0.241154914706094
4	263	0.125620801654373
4	264	0.134414257770179
4	265	0.0630416020397034
4	266	0.0687153462232767
4	267	0.0393707435180599
4	268	0.0417329881291434
4	269	0.35218140484671
4	270	0.359225032943644
4	271	0.152664994972592
4	272	0.143505095274236
4	273	0.284455889341943
4	274	0.295834124915621
4	275	0.162473357233831
4	276	0.172221758667861
4	277	0.181109754103359
4	278	0.199220729513695
4	279	0.308088575927861
4	280	0.292684147131468
4	281	0.170703897514881
4	282	0.167289819564583
4	283	0.332618244897842
4	284	0.309334967754993
4	285	0.390471356882534
4	286	0.413899638295486
4	287	0.149693610473032
4	288	0.145202802158841
4	289	0.0406629724319461
4	290	0.0426961210535434
4	291	0.0444041180090719
4	292	0.0484004886298884
4	293	0.0959021900375437
4	294	0.0968612119379192
4	295	0.167879845960822
4	296	0.152770659824348
4	297	0.0834981726598969
4	298	0.0759833371205062
4	299	0.295041795084957
4	300	0.315694720740904
4	301	0.149499871804217
4	302	0.153984867958344
4	303	0.0391504026031091
4	304	0.0422824348113578
4	305	0.107352014278353
4	306	0.107352014278353
4	307	0.350183404839332
4	308	0.336176068645759
4	309	0.202788333301288
4	310	0.194676799969237
4	311	0.440101168157597
4	312	0.444502179839173
4	313	0.11754654871627
4	314	0.106967359331806
4	315	0.0345853998272427
4	316	0.0370063778151496
4	317	0.051187381116348
4	318	0.0506755073051846
4	319	0.156589351771419
4	320	0.156589351771419
4	321	0.382568209561932
4	322	0.386393891657551
4	323	0.267471521511572
4	324	0.26212209108134
4	325	0.158789783447697
4	326	0.173080863957989
4	327	0.231747368083794
4	328	0.231747368083794
4	329	0.0354063588234852
4	330	0.0343441680587806
4	331	0.148090160605047
4	332	0.152532865423198
4	333	0.160809720274757
4	334	0.165634011882999
4	335	0.289218008963618
4	336	0.268972748336165
4	337	0.241157597922908
4	338	0.26045020575674
4	339	0.155801272470762
4	340	0.149569221571931
4	341	0.190179407609854
4	342	0.190179407609854
4	343	0.37318097595957
4	344	0.339594688123209
4	345	0.258476285919418
4	346	0.248137234482641
4	347	0.0428270587837888
4	348	0.0423987881959509
4	349	0.143289110073328
4	350	0.156185129979927
4	351	0.0271548466267385
4	352	0.0282410404918081
4	353	0.0849226653562803
4	354	0.0815257587420291
4	355	0.0370459694834006
4	356	0.0400096470420726
4	357	0.117432104907005
4	358	0.118606425956075
4	359	0.368683872451378
4	360	0.379744388624919
4	361	0.641
4	362	0.68587
4	363	0.564
4	364	0.54144
4	365	0.098
4	366	0.0882
4	367	0
4	368	0
4	369	0.21247181306186
4	370	0.220970685584335
4	371	0.251800390420847
4	372	0.264390409941889
4	373	0.0671348346725598
4	374	0.0725056214463646
4	375	0.0508660934673074
4	376	0.0483227887939421
4	377	0.593
4	378	0.57521
4	379	0.56
4	380	0.5712
4	381	0.132
4	382	0.12804
4	383	0
4	384	0
5	1	0.296338237892469
5	2	0.317081914544942
5	3	0.402790592540567
5	4	0.406818498465972
5	5	0.0226678779682464
5	6	0.0213078052901516
5	7	0.309504358568072
5	8	0.337359750839198
5	9	0.0668579217507779
5	10	0.0688636594033012
5	11	0.0990021405077368
5	12	0.0910819692671178
5	13	0.255627519520687
5	14	0.258183794715894
5	15	0.30803409640436
5	16	0.335757165080753
5	17	0.0964286225963504
5	18	0.100285767500204
5	19	0.216733449657243
5	20	0.221068118650388
5	21	0.0817823162448825
5	22	0.0801466699199849
5	23	0.12477673519734
5	24	0.118537898437473
5	25	0.0106555775501569
5	26	0.0110818006521632
5	27	0.263347811298246
5	28	0.255447376959298
5	29	0.203334773573443
5	30	0.193168034894771
5	31	0.18576388588136
5	32	0.18576388588136
5	33	0.177661006014896
5	34	0.161671515473555
5	35	0.268027334592763
5	36	0.289469521360184
5	37	0.289432206082986
5	38	0.312586782569625
5	39	0.120103436847422
5	40	0.118902402478948
5	41	0.190234683151213
5	42	0.176918255330628
5	43	0.138196180923347
5	44	0.145105989969514
5	45	0.172528598048317
5	46	0.165627454126385
5	47	0.186294623813336
5	48	0.204924086194669
5	49	0.453049953866055
5	50	0.498354949252661
5	51	0.271177369423828
5	52	0.260330274646875
5	53	0.187636946912782
5	54	0.174502360628887
5	55	0.113220091382899
5	56	0.11208789046907
5	57	0.260785756992195
5	58	0.28164861755157
5	59	0.223206750359746
5	60	0.245527425395721
5	61	0.110521661305689
5	62	0.112732094531803
5	63	0.20200626913342
5	64	0.189885892985414
5	65	0.47646182071091
5	66	0.443109493261146
5	67	0.227590767200153
5	68	0.248073936248167
5	69	0.0455746248595264
5	70	0.0437516398651454
5	71	0.191046892312899
5	72	0.210151581544189
5	73	0.0807167239998229
5	74	0.0839453929598158
5	75	0.26130041090243
5	76	0.235170369812187
5	77	0.232605300935748
5	78	0.225627141907676
5	79	0.317826374429285
5	80	0.314648110684993
5	81	0.163324311166778
5	82	0.16169106805511
5	83	0.406204984650585
5	84	0.434639333576125
5	85	0.172522291248153
5	86	0.160445730860782
5	87	0.369536765649116
5	88	0.365841397992625
5	89	0.141748668662028
5	90	0.155923535528231
5	91	0.269150409789012
5	92	0.282607930278463
5	93	0.0876077066178009
5	94	0.0911120148825129
5	95	0.297756195801338
5	96	0.267980576221204
5	97	0.213940588535598
5	98	0.226777023847734
5	99	0.104759890710732
5	100	0.107902687432054
5	101	0.0946757341347337
5	102	0.0994095208414704
5	103	0.110959846358491
5	104	0.100973460186227
5	105	0.115879297561599
5	106	0.105450160781055
5	107	0.338274254119788
5	108	0.372101679531767
5	109	0.286928266972237
5	110	0.312751810999738
5	111	0.466414426808142
5	112	0.508391725220875
5	113	0.11715831669165
5	114	0.106614068189401
5	115	0.147477529517337
5	116	0.15337663069803
5	117	0.243095417442308
5	118	0.262543050837693
5	119	0.350910207856585
5	120	0.368455718249414
5	121	0.244353831752593
5	122	0.246797370070119
5	123	0.0185196663177157
5	124	0.0185196663177157
5	125	0.0337055762027468
5	126	0.0364020222989666
5	127	0.285597730346505
5	128	0.268461866525715
5	129	0.150146045829292
5	130	0.15915480857905
5	131	0.0195439578936933
5	132	0.0183713204200717
5	133	0.0187939350613531
5	134	0.0197336318144208
5	135	0.206856225257817
5	136	0.204787663005239
5	137	0.0651118009500591
5	138	0.0696696270165633
5	139	0.119396678796463
5	140	0.107457010916817
5	141	0.251399233750583
5	142	0.261455203100607
5	143	0.330373534567343
5	144	0.317158593184649
5	145	0.241507378495911
5	146	0.234262157141034
5	147	0.0437216432928263
5	148	0.0393494789635436
5	149	0.224524222833746
5	150	0.206562285007047
5	151	0.183450266482857
5	152	0.188953774477343
5	153	0.400256775908951
5	154	0.424272182463488
5	155	0.144357545269657
5	156	0.154462573438533
5	157	0.10688758105345
5	158	0.0994054503797082
5	159	0.111902796137816
5	160	0.118616963906084
5	161	0.0992395656104686
5	162	0.107178730859306
5	163	0.162089233300431
5	164	0.178298156630474
5	165	0.214103523599128
5	166	0.214103523599128
5	167	0.321427707969133
5	168	0.324641985048824
5	169	0.120064154387946
5	170	0.124866720563464
5	171	0.489680960928762
5	172	0.440712864835886
5	173	0.415042211032873
5	174	0.3901396783709
5	175	0.0781206217162725
5	176	0.0789018279334352
5	177	0.148901546807826
5	178	0.159324655084374
5	179	0.167322180492329
5	180	0.162302515077559
5	181	0.0883572153055604
5	182	0.0927750760708384
5	183	0.0262117760617567
5	184	0.0267360115829918
5	185	0.196591860227334
5	186	0.2064214532387
5	187	0.0653460373890519
5	188	0.069266799632395
5	189	0.140488943099258
5	190	0.139084053668266
5	191	0.182883969598678
5	192	0.192028168078612
5	193	0.271282566880233
5	194	0.298410823568257
5	195	0.0763885101690278
5	196	0.0794440505757889
5	197	0.0342729178592691
5	198	0.0342729178592691
5	199	0.0803025463750231
5	200	0.0738783426650212
5	201	0.261192196954835
5	202	0.26902796286348
5	203	0.0296254420345974
5	204	0.0281441699328675
5	205	0.348653612123892
5	206	0.327734395396458
5	207	0.190620901779295
5	208	0.188714692761502
5	209	0.0342927995734481
5	210	0.0339498715777136
5	211	0.110993304128058
5	212	0.120982701499583
5	213	0.292985965824612
5	214	0.278336667533381
5	215	0.196061067111519
5	216	0.20782473113821
5	217	0.12517616304409
5	218	0.137693779348499
5	219	0.13179183528323
5	220	0.135745590341726
5	221	0.2728882009577
5	222	0.28107484698643
5	223	0.0423544752455215
5	224	0.0440486542553423
5	225	0.0543892695447574
5	226	0.058740411108338
5	227	0.0763506822007074
5	228	0.0816952299547569
5	229	0.118236146077237
5	230	0.130059760684961
5	231	0.161106138575957
5	232	0.169161445504754
5	233	0.153779431407953
5	234	0.166081785920589
5	235	0.14921623457684
5	236	0.143247585193767
5	237	0.146213683721357
5	238	0.131592315349221
5	239	0.0726255943958148
5	240	0.0711730825078985
5	241	0.16679221428058
5	242	0.158452603566551
5	243	0.164427447539334
5	244	0.16771599649012
5	245	0.128321888542633
5	246	0.128321888542633
5	247	0.210909841711793
5	248	0.206691644877557
5	249	0.261919975318017
5	250	0.256681575811657
5	251	0.250006316899922
5	252	0.272506885420915
5	253	0.13181426331457
5	254	0.119950979616259
5	255	0.0819413438313817
5	256	0.0811219303930679
5	257	0.201014359119268
5	258	0.217095507848809
5	259	0.447551731590198
5	260	0.434125179642492
5	261	0.115531554488897
5	262	0.116686870033786
5	263	0.177946204164046
5	264	0.19218190049717
5	265	0.0276294434103016
5	266	0.0290109155808167
5	267	0.189541591601755
5	268	0.174378264273614
5	269	0.117796096596686
5	270	0.113084252732819
5	271	0.15316149405495
5	272	0.154693108995499
5	273	0.183267718075824
5	274	0.192431103979616
5	275	0.291364617932139
5	276	0.303019202649425
5	277	0.029336524963699
5	278	0.029336524963699
5	279	0.197678707377356
5	280	0.181864410787167
5	281	0.218988970043601
5	282	0.234318197946653
5	283	0.118919640344429
5	284	0.107027676309986
5	285	0.284551111124597
5	286	0.264632533345875
5	287	0.132200481476646
5	288	0.141454515180011
5	289	0.32503144451189
5	290	0.302279243396058
5	291	0.429299774866774
5	292	0.446471765861445
5	293	0.127077640881208
5	294	0.132160746516456
5	295	0.173313749244697
5	296	0.185445711691826
5	297	0.436004906305071
5	298	0.479605396935578
5	299	0.241658461523862
5	300	0.263407723061009
5	301	0.224024281481835
5	302	0.21730355303738
5	303	0.0144139014671005
5	304	0.0136932063937455
5	305	0.19615225207164
5	306	0.215767477278804
5	307	0.254895715518906
5	308	0.242150929742961
5	309	0.0975419617584922
5	310	0.0926648636705676
5	311	0.112832765942636
5	312	0.124116042536899
5	313	0.27175771084718
5	314	0.279910442172595
5	315	0.453392199214064
5	316	0.49419749714333
5	317	0.0654631686993908
5	318	0.0648085370123969
5	319	0.105765084743809
5	320	0.116341593218189
5	321	0.162381711355271
5	322	0.17374843115014
5	323	0.170602447574219
5	324	0.16377834967125
5	325	0.168239154066076
5	326	0.173286328688059
5	327	0.166984617479585
5	328	0.151956001906422
5	329	0.233084442864781
5	330	0.228422754007486
5	331	0.133640837324485
5	332	0.140322879190709
5	333	0.17500241560298
5	334	0.185502560539159
5	335	0.159004489466569
5	336	0.157414444571903
5	337	0.0517229065529187
5	338	0.0558607390771522
5	339	0.114403915610829
5	340	0.112115837298613
5	341	0.160289256910722
5	342	0.173112397463579
5	343	0.260260814027543
5	344	0.23943994890534
5	345	0.23989484503646
5	346	0.230299051235002
5	347	0.117318114017311
5	348	0.124357200858349
5	349	0.194614259533577
5	350	0.206291115105592
5	351	0.0778524577174941
5	352	0.0700672119457447
5	353	0.357836052987452
5	354	0.33278752927833
5	355	0.252856788675959
5	356	0.255385356562718
5	357	0.411705151304021
5	358	0.452875666434423
5	359	0.136246693709532
5	360	0.137609160646627
5	361	0.574
5	362	0.6314
5	363	0.65
5	364	0.663
5	365	0.016
5	366	0.01744
5	367	0
5	368	0
5	369	0.13033523037923
5	370	0.143368753417153
5	371	0.0306158923275906
5	372	0.0281666209413833
5	373	0.353677574244975
5	374	0.378435004442123
5	375	0.0765736971064406
5	376	0.073510749222183
5	377	0.504
5	378	0.51912
5	379	0.628
5	380	0.66568
5	381	0.028
5	382	0.0294
5	383	0
5	384	0
6	1	0.151572580411712
6	2	0.156119757824063
6	3	0.264433779258309
6	4	0.269722454843475
6	5	0.0500944936856788
6	6	0.0541020531805331
6	7	0.00407450351787621
6	8	0.00399301344751868
6	9	0.389129691217239
6	10	0.416368769602445
6	11	0.152624637666614
6	12	0.163308362303277
6	13	0.431503082578048
6	14	0.470338360010072
6	15	0.0550661315974881
6	16	0.0567181155454127
6	17	0.23596877142023
6	18	0.252486585419646
6	19	0.111042769945611
6	20	0.107711486847243
6	21	0.13597167343061
6	22	0.142770257102141
6	23	0.114291909647417
6	24	0.118863586033314
6	25	0.198970887635117
6	26	0.196981178758766
6	27	0.173471344902117
6	28	0.187349052494286
6	29	0.152950343956066
6	30	0.157538854274748
6	31	0.187989432420816
6	32	0.203028587014481
6	33	0.322935567698744
6	34	0.339082346083681
6	35	0.129559380355524
6	36	0.141219724587521
6	37	0.0831043654161782
6	38	0.08393540907034
6	39	0.436355350337946
6	40	0.40144692231091
6	41	0.195427577205808
6	42	0.207153231838157
6	43	0.157110568916134
6	44	0.171250520118586
6	45	0.170071471475838
6	46	0.170071471475838
6	47	0.178714426176112
6	48	0.193011580270201
6	49	0.1755924555651
6	50	0.15803321000859
6	51	0.201112732993495
6	52	0.2071461149833
6	53	0.110696657113616
6	54	0.102947891115663
6	55	0.149194727219201
6	56	0.144718885402625
6	57	0.050279795908364
6	58	0.0553077754992004
6	59	0.0418305532894533
6	60	0.0418305532894533
6	61	0.236645299281538
6	62	0.260309829209692
6	63	0.110121146953041
6	64	0.121133261648346
6	65	0.0351561939076734
6	66	0.0323436983950595
6	67	0.0423374101877583
6	68	0.0453010289009014
6	69	0.187524340291474
6	70	0.202526287514792
6	71	0.0231553714866058
6	72	0.0236184789163379
6	73	0.204288561891866
6	74	0.224717418081053
6	75	0.32125581982015
6	76	0.305193028829142
6	77	0.144589532936039
6	78	0.154710800241562
6	79	0.139163676675028
6	80	0.14890513404228
6	81	0.151973943313719
6	82	0.164131858778816
6	83	0.146996149028846
6	84	0.15287599499
6	85	0.1194552191278
6	86	0.123038875701634
6	87	0.214009159272295
6	88	0.192608243345065
6	89	0.0724056011444876
6	90	0.0753018251902671
6	91	0.405509221771915
6	92	0.38523376068332
6	93	0.25733576895607
6	94	0.270202557403874
6	95	0.27547520513413
6	96	0.247927684620717
6	97	0.15440214092152
6	98	0.148226055284659
6	99	0.34745742761039
6	100	0.312711684849351
6	101	0.177842380112506
6	102	0.192069770521507
6	103	0.0557994257824416
6	104	0.0513354717198462
6	105	0.00523141112937053
6	106	0.00575455224230758
6	107	0.152897847225931
6	108	0.142194997920116
6	109	0.419323041992811
6	110	0.436095963672524
6	111	0.287503974748214
6	112	0.270253736263321
6	113	0.143443550002688
6	114	0.144877985502715
6	115	0.273757473893865
6	116	0.249119301243418
6	117	0.0914324616610401
6	118	0.0868608385779881
6	119	0.0343387966640793
6	120	0.033308632764157
6	121	0.280234392502044
6	122	0.288641424277105
6	123	0.0710426649343427
6	124	0.0674905316876256
6	125	0.275619009072373
6	126	0.278375199163097
6	127	0.213404648869619
6	128	0.213404648869619
6	129	0.0548061252927466
6	130	0.0515177577751818
6	131	0.0350867986798368
6	132	0.0322798547854498
6	133	0.155745850325279
6	134	0.166648059848048
6	135	0.0231710628663721
6	136	0.0213173778370623
6	137	0.335049169736449
6	138	0.338399661433813
6	139	0.212222930860575
6	140	0.203734013626152
6	141	0.0559017473114169
6	142	0.0559017473114169
6	143	0.279472901628189
6	144	0.285062359660753
6	145	0.353834498094865
6	146	0.336142773190121
6	147	0.142658937953726
6	148	0.139805759194652
6	149	0.252922337422255
6	150	0.22763010368003
6	151	0.16958580281843
6	152	0.18145680901572
6	153	0.154317150916055
6	154	0.145058121861092
6	155	0.016319943257724
6	156	0.0151775472296833
6	157	0.20013848346818
6	158	0.204141253137544
6	159	0.118896549090933
6	160	0.111762756145477
6	161	0.0114181588913743
6	162	0.0109614325357193
6	163	0.214531822398413
6	164	0.201659913054508
6	165	0.233417898375387
6	166	0.231083719391633
6	167	0.165648091598224
6	168	0.165648091598224
6	169	0.0416130045687012
6	170	0.0416130045687012
6	171	0.250348407708446
6	172	0.247844923631361
6	173	0.105910764545648
6	174	0.112265410418387
6	175	0.445456633016106
6	176	0.485547729987555
6	177	0.140914755328635
6	178	0.126823279795772
6	179	0.155170777477864
6	180	0.161377608576978
6	181	0.411283804575384
6	182	0.44007367089566
6	183	0.14308443379157
6	184	0.145946122467401
6	185	0.0539712913763744
6	186	0.0534315784626106
6	187	0.0647346883640628
6	188	0.071208157200469
6	189	0.262461428907721
6	190	0.27295988606403
6	191	0.0629226374827004
6	192	0.0591472792337384
6	193	0.171987973749235
6	194	0.171987973749235
6	195	0.234335908894412
6	196	0.224962472538636
6	197	0.275954803247051
6	198	0.251118870954817
6	199	0.180613163780377
6	200	0.196868348520611
6	201	0.0405677813096687
6	202	0.0377280366179919
6	203	0.120913346424058
6	204	0.131795547602224
6	205	0.0265042413535142
6	206	0.0257091141129088
6	207	0.0529069666747448
6	208	0.0550232453417346
6	209	0.187498445706174
6	210	0.174373554506742
6	211	0.0757348691831133
6	212	0.0749775204912822
6	213	0.181914114721944
6	214	0.16372270324975
6	215	0.0560614693531633
6	216	0.0616676162884797
6	217	0.223912351505207
6	218	0.219434104475103
6	219	0.0769297473141677
6	220	0.0792376397335928
6	221	0.269294402272689
6	222	0.250443794113601
6	223	0.0324236704719787
6	224	0.0327479071766985
6	225	0.0177543913710928
6	226	0.01722175962996
6	227	0.140825775495824
6	228	0.149275322025573
6	229	0.0312308298410825
6	230	0.0296692883490284
6	231	0.0549948389169462
6	232	0.058294529251963
6	233	0.211498393606097
6	234	0.228418265094585
6	235	0.129650648018507
6	236	0.141319206340173
6	237	0.184046303236464
6	238	0.171163062009911
6	239	0.0922891261135489
6	240	0.0876746698078714
6	241	0.286661949143435
6	242	0.266595612703395
6	243	0.208654169882665
6	244	0.221173420075625
6	245	0.297990066670951
6	246	0.268191060003856
6	247	0.081786507417444
6	248	0.0736078566756996
6	249	0.312617625607481
6	250	0.33137468314393
6	251	0.290432149897251
6	252	0.290432149897251
6	253	0.136253172228285
6	254	0.13897823567285
6	255	0.0744467941382074
6	256	0.0684910506071508
6	257	0.102530118687135
6	258	0.101504817500264
6	259	0.077163552706468
6	260	0.0694471974358212
6	261	0.0573921263901103
6	262	0.0596878114457147
6	263	0.0701775221192723
6	264	0.0645633203497305
6	265	0.151416627033611
6	266	0.162015790925963
6	267	0.199870818929434
6	268	0.213861776254495
6	269	0.134080297046528
6	270	0.140784311898854
6	271	0.258530275307042
6	272	0.235262550529408
6	273	0.199201436352591
6	274	0.19521740762554
6	275	0.112872494276914
6	276	0.109486319448606
6	277	0.284687728686266
6	278	0.293228360546854
6	279	0.230838667301108
6	280	0.226221893955086
6	281	0.200410142029761
6	282	0.202414243450059
6	283	0.216910639736426
6	284	0.23426349091534
6	285	0.27835373503614
6	286	0.283920809736863
6	287	0.192695759056819
6	288	0.18113401351341
6	289	0.260714774715172
6	290	0.284179104439537
6	291	0.383086756376994
6	292	0.348608948303065
6	293	0.0386082746967021
6	294	0.0347474472270319
6	295	0.0971439669964665
6	296	0.0952010876565372
6	297	0.286295243927619
6	298	0.266254576852685
6	299	0.114018357204929
6	300	0.124280009353372
6	301	0.00718840619420313
6	302	0.00675710182255094
6	303	0.17452068562856
6	304	0.191972754191416
6	305	0.0325807673985001
6	306	0.0316033443765451
6	307	0.129232336629424
6	308	0.120186073065364
6	309	0.2586338836877
6	310	0.271565577872085
6	311	0.46726380492171
6	312	0.46726380492171
6	313	0.0851792987128078
6	314	0.0919936426098324
6	315	0.254936598583738
6	316	0.26258469654125
6	317	0.220021847372545
6	318	0.19801966263529
6	319	0.0543353219650118
6	320	0.0537919687453616
6	321	0.136827668307371
6	322	0.142300775039666
6	323	0.160373341737722
6	324	0.157165874902968
6	325	0.526463451997779
6	326	0.489611010357934
6	327	0.247674901038081
6	328	0.230337657965415
6	329	0.119705362242946
6	330	0.129281791222382
6	331	0.100728339502177
6	332	0.0966992059220902
6	333	0.137582392558853
6	334	0.137582392558853
6	335	0.185511819571287
6	336	0.168815755809871
6	337	0.295458738158729
6	338	0.31614084982984
6	339	0.0940247976997558
6	340	0.0902638057917656
6	341	0.201884888180468
6	342	0.22005452811671
6	343	0.247892413417159
6	344	0.252850261685502
6	345	0.140270817759497
6	346	0.129049152338737
6	347	0.385128145256712
6	348	0.400533271066981
6	349	0.398771553718237
6	350	0.406746984792601
6	351	0.0766101931008103
6	352	0.0704813776527455
6	353	0.364925669772052
6	354	0.343030129585729
6	355	0.452644685286971
6	356	0.457171132139841
6	357	0.219007482720384
6	358	0.203676958929957
6	359	0.163701416761268
6	360	0.148968289252754
6	361	0.528
6	362	0.528
6	363	0.562
6	364	0.55076
6	365	0.039
6	366	0.04056
6	367	0
6	368	0
6	369	0.39595693562109
6	370	0.380118658196247
6	371	0.286220033889685
6	372	0.266184631517407
6	373	0.296085995790115
6	374	0.319772875453324
6	375	0.0702845740300944
6	376	0.0737988027315991
6	377	0.576
6	378	0.6336
6	379	0.559
6	380	0.58136
6	381	0.169
6	382	0.18421
6	383	0
6	384	0
7	1	0.0440930246093109
7	2	0.0462976758397764
7	3	0.315245934841509
7	4	0.34046560962883
7	5	0.19374002275082
7	6	0.201489623660853
7	7	0.187756531877339
7	8	0.185878966558565
7	9	0.188917229024287
7	10	0.200252262765744
7	11	0.0737120322619763
7	12	0.0773976338750751
7	13	0.0793291027215779
7	14	0.0864687219665199
7	15	0.191065989053102
7	16	0.192976648943633
7	17	0.140483487490009
7	18	0.132054478240609
7	19	0.305857083597521
7	20	0.29362280025362
7	21	0.384736537875528
7	22	0.353957614845486
7	23	0.0892548426389042
7	24	0.0812219068014028
7	25	0.115668554745195
7	26	0.112198498102839
7	27	0.175385271478443
7	28	0.161354449760167
7	29	0.150914963694279
7	30	0.166006460063707
7	31	0.113675773145904
7	32	0.10685522675715
7	33	0.153772365647502
7	34	0.169149602212252
7	35	0.217459529528593
7	36	0.230507101300308
7	37	0.241485813822479
7	38	0.265634395204727
7	39	0.0735451485801173
7	40	0.0676615366937079
7	41	0.206282140291253
7	42	0.220721890111641
7	43	0.0874869312285338
7	44	0.0796131074179658
7	45	0.13854425053764
7	46	0.148242348075275
7	47	0.264820837105556
7	48	0.275413670589778
7	49	0.137250672733151
7	50	0.149603233279135
7	51	0.162776152686231
7	52	0.174170483374267
7	53	0.0840134456896327
7	54	0.0882141179741143
7	55	0.0936371879378979
7	56	0.0945735598172769
7	57	0.0538264830031936
7	58	0.0489820995329062
7	59	0.341383366309472
7	60	0.314072697004715
7	61	0.207894435880205
7	62	0.205815491521403
7	63	0.179377718005397
7	64	0.181171495185451
7	65	0.159993136448435
7	66	0.171192655999826
7	67	0.155490215239225
7	68	0.171039236763147
7	69	0.471831626572059
7	70	0.471831626572059
7	71	0.139602603455654
7	72	0.134018499317428
7	73	0.255649230166613
7	74	0.232640799451618
7	75	0.246122497737031
7	76	0.253506172669142
7	77	0.225632668657701
7	78	0.239170628777163
7	79	0.595078280272881
7	80	0.565324366259237
7	81	0.21504342121909
7	82	0.230096460704426
7	83	0.0901015991432392
7	84	0.0882995671603744
7	85	0.22529594753355
7	86	0.24557258281157
7	87	0.216822897178592
7	88	0.199477065404305
7	89	0.0346124420945337
7	90	0.0346124420945337
7	91	0.0652502442747396
7	92	0.0652502442747396
7	93	0.378424787914839
7	94	0.416267266706323
7	95	0.360231777259786
7	96	0.374641048350177
7	97	0.213548119377073
7	98	0.230631968927239
7	99	0.123653776008559
7	100	0.129836464808987
7	101	0.238318730904265
7	102	0.238318730904265
7	103	0.304986732652196
7	104	0.301936865325674
7	105	0.174367863799675
7	106	0.177855221075669
7	107	0.145848967811729
7	108	0.147307457489846
7	109	0.457187675965173
7	110	0.420612661887959
7	111	0.160256052635434
7	112	0.176281657898978
7	113	0.255618301816526
7	114	0.281180131998179
7	115	0.0794401292741186
7	116	0.0746737215176715
7	117	0.144603179735939
7	118	0.134480957154423
7	119	0.423635532362467
7	120	0.385508334449845
7	121	0.206399249211779
7	122	0.218783204164485
7	123	0.25486956051808
7	124	0.25486956051808
7	125	0.245001136330022
7	126	0.22050102269702
7	127	0.196664271902231
7	128	0.180931130150052
7	129	0.179005680948466
7	130	0.168265340091558
7	131	0.277286519441324
7	132	0.29946944099663
7	133	0.128812362397669
7	134	0.121083620653809
7	135	0.0598527520155993
7	136	0.0628453896163793
7	137	0.222142547771648
7	138	0.23324967516023
7	139	0.325269596314947
7	140	0.325269596314947
7	141	0.479655448322138
7	142	0.479655448322138
7	143	0.240163654572266
7	144	0.216147289115039
7	145	0.102579962628531
7	146	0.0984767641233894
7	147	0.140825727115404
7	148	0.150683528013482
7	149	0.299471898799073
7	150	0.32941908867898
7	151	0.353610246029623
7	152	0.350074143569327
7	153	0.116509373745994
7	154	0.123499936170754
7	155	0.0332831335729879
7	156	0.0359457842588269
7	157	0.164071953384984
7	158	0.173916270588083
7	159	0.154156671360786
7	160	0.144907271079139
7	161	0.135373376840081
7	162	0.128604707998077
7	163	0.232486494605845
7	164	0.237136224497962
7	165	0.202336041597636
7	166	0.2225696457574
7	167	0.127822359969377
7	168	0.139326372366621
7	169	0.266080484061114
7	170	0.266080484061114
7	171	0.0780193372156824
7	172	0.079579723959996
7	173	0.271956961408715
7	174	0.293713518321412
7	175	0.311851230792942
7	176	0.343036353872236
7	177	0.0853920569055495
7	178	0.0853920569055495
7	179	0.337748569132887
7	180	0.341126054824216
7	181	0.168460381379927
7	182	0.16172196612473
7	183	0.116444741208065
7	184	0.110622504147661
7	185	0.30727495736486
7	186	0.328784204380401
7	187	0.0911530050030034
7	188	0.0984452454032437
7	189	0.039149347439567
7	190	0.040323827862754
7	191	0.15710508621203
7	192	0.15710508621203
7	193	0.152479824145801
7	194	0.167727806560381
7	195	0.0908320059788167
7	196	0.0953736062777575
7	197	0.253337509048297
7	198	0.260937634319746
7	199	0.0575696947307764
7	200	0.0546912099942376
7	201	0.0795765734435809
7	202	0.0724146818336586
7	203	0.0177760645490441
7	204	0.0195536710039485
7	205	0.363595363464447
7	206	0.392682992541602
7	207	0.211815841595324
7	208	0.194870574267698
7	209	0.247070151440216
7	210	0.232245942353803
7	211	0.0890899744858675
7	212	0.0926535734653022
7	213	0.186796662365465
7	214	0.192400562236429
7	215	0.300090233115356
7	216	0.27008120980382
7	217	0.381440711759147
7	218	0.41577037581747
7	219	0.0145618318346108
7	220	0.0160180150180719
7	221	0.140128293231806
7	222	0.145733424961078
7	223	0.396970209270449
7	224	0.404909613455858
7	225	0.264131199377198
7	226	0.261489887383426
7	227	0.220871753805223
7	228	0.240750211647693
7	229	0.208328921945546
7	230	0.208328921945546
7	231	0.105992589645481
7	232	0.11235214502421
7	233	0.178043962155156
7	234	0.185165720641363
7	235	0.244445552525735
7	236	0.222445452798418
7	237	0.159271296831324
7	238	0.162456722767951
7	239	0.0731804477821668
7	240	0.0783030791269185
7	241	0.252576336426384
7	242	0.244999046333593
7	243	0.121618324877392
7	244	0.120402141628618
7	245	0.126414109874752
7	246	0.125149968776005
7	247	0.375803930250812
7	248	0.36077177304078
7	249	0.0991878356495315
7	250	0.104147227432008
7	251	0.0691968156366549
7	252	0.0726566564184876
7	253	0.20353092039133
7	254	0.205566229595244
7	255	0.0349909894677913
7	256	0.0335913498890797
7	257	0.169163137416873
7	258	0.167471506042704
7	259	0.184783088792535
7	260	0.184783088792535
7	261	0.0985076668623802
7	262	0.102447973536875
7	263	0.289724955847461
7	264	0.310005702756783
7	265	0.0889291596771956
7	266	0.0871505764836517
7	267	0.0285198133868434
7	268	0.0265234264497644
7	269	0.335251676072241
7	270	0.368776843679465
7	271	0.206342673190094
7	272	0.204279246458193
7	273	0.358173400475565
7	274	0.35459166647081
7	275	0.213458945110267
7	276	0.211324355659164
7	277	0.206102646768772
7	278	0.210224699704147
7	279	0.363833908534512
7	280	0.396578960302618
7	281	0.21011734817093
7	282	0.189105613353837
7	283	0.183904913951459
7	284	0.171031569974857
7	285	0.137883832641946
7	286	0.124095449377751
7	287	0.1755498731751
7	288	0.191349361760859
7	289	0.171573931965817
7	290	0.157848017408552
7	291	0.18449872420823
7	292	0.202948596629053
7	293	0.193005715471716
7	294	0.191075658316999
7	295	0.180403903766067
7	296	0.191228137992031
7	297	0.142974006655495
7	298	0.15012270698827
7	299	0.191851845035039
7	300	0.172666660531535
7	301	0.143615140630845
7	302	0.152232049068696
7	303	0.137160615267195
7	304	0.127559372198492
7	305	0.129954452438456
7	306	0.13385308601161
7	307	0.345303591774953
7	308	0.3625687713637
7	309	0.0327809696482099
7	310	0.0311419211657994
7	311	0.349899936642729
7	312	0.321907941711311
7	313	0.151910557612329
7	314	0.156467874340699
7	315	0.217483675523526
7	316	0.208784328502585
7	317	0.136788140864166
7	318	0.149099073541941
7	319	0.312570268121718
7	320	0.287564646671981
7	321	0.095863093517526
7	322	0.099697617258227
7	323	0.208699100021728
7	324	0.204525118021294
7	325	0.108844784631258
7	326	0.119729263094384
7	327	0.0465852315499918
7	328	0.0475169361809917
7	329	0.217815317612874
7	330	0.233062389845775
7	331	0.199690914097525
7	332	0.183715640969723
7	333	0.518362054843924
7	334	0.533912916489241
7	335	0.359643857370527
7	336	0.323679471633474
7	337	0.0992493884799824
7	338	0.104211857903981
7	339	0.300034738573635
7	340	0.273031612102008
7	341	0.20976429980112
7	342	0.205569013805098
7	343	0.255034499294174
7	344	0.229531049364757
7	345	0.0323567037327417
7	346	0.031062435583432
7	347	0.263628853156062
7	348	0.242538544903577
7	349	0.195996813468266
7	350	0.195996813468266
7	351	0.19685987814325
7	352	0.214577267176142
7	353	0.0761251565704466
7	354	0.0837376722274913
7	355	0.284958735262117
7	356	0.313454608788329
7	357	0.361283718168952
7	358	0.357670880987262
7	359	0.0553895410847
7	360	0.053727854852159
7	361	0.633
7	362	0.65199
7	363	0.516
7	364	0.47988
7	365	0.188
7	366	0.20304
7	367	0
7	368	0
7	369	0.107363778766422
7	370	0.115952881067735
7	371	0.424614281234359
7	372	0.462829566545452
7	373	0.241614314136144
7	374	0.25127888670159
7	375	0.0239462358285255
7	376	0.0258619346948076
7	377	0.542
7	378	0.50406
7	379	0.532
7	380	0.54796
7	381	0.157
7	382	0.1727
7	383	0
7	384	0
8	1	0.124157515871379
8	2	0.122915940712666
8	3	0.243254594787609
8	4	0.265147508318493
8	5	0.489564989467534
8	6	0.499356289256885
8	7	0.00190243821973732
8	8	0.00178829192655308
8	9	0.151683073989025
8	10	0.147132581769354
8	11	0.140139469901432
8	12	0.134533891105374
8	13	0.218941864460884
8	14	0.203615933948622
8	15	0.249727197751908
8	16	0.26970537357206
8	17	0.0712413882186064
8	18	0.077653113158281
8	19	0.102793207181395
8	20	0.107932867540465
8	21	0.0755595964979775
8	22	0.0800931722878562
8	23	0.297063553390924
8	24	0.276269104653559
8	25	0.104461585288353
8	26	0.10655081699412
8	27	0.125066463589653
8	28	0.13006912213324
8	29	0.137489864585452
8	30	0.151238851043997
8	31	0.0401066139192395
8	32	0.0381012832232775
8	33	0.29276522694441
8	34	0.295692879213854
8	35	0.107284091958798
8	36	0.110502614717562
8	37	0.11018026786812
8	38	0.111282070546801
8	39	0.238573810128202
8	40	0.252888238735894
8	41	0.252523097805736
8	42	0.249997866827678
8	43	0.211900735912131
8	44	0.228852794785101
8	45	0.172525157393558
8	46	0.184601918411107
8	47	0.0844907362586097
8	48	0.087025458346368
8	49	0.381515821868128
8	50	0.38533098008681
8	51	0.313958865916078
8	52	0.326517220552721
8	53	0.186554448704171
8	54	0.192151082165296
8	55	0.270444121376588
8	56	0.265035238949056
8	57	0.206283236025804
8	58	0.218660230187352
8	59	0.268355235452902
8	60	0.279089444871018
8	61	0.169795662970349
8	62	0.178285446118866
8	63	0.0505021763050806
8	64	0.0530272851203346
8	65	0.0743693471071007
8	66	0.0788315079335267
8	67	0.104237178658291
8	68	0.0969405761522102
8	69	0.0911091974799516
8	70	0.100220117227947
8	71	0.429628966805818
8	72	0.463999284150284
8	73	0.0353339210790599
8	74	0.0360405995006411
8	75	0.038487933328391
8	76	0.0423367266612301
8	77	0.0570248424606113
8	78	0.0558843456113991
8	79	0.0924013912297335
8	80	0.0896293494928414
8	81	0.106015028245804
8	82	0.100714276833514
8	83	0.189324001732528
8	84	0.206363161888455
8	85	0.0130608210255468
8	86	0.0141056867075906
8	87	0.175788375059308
8	88	0.193367212565239
8	89	0.0551388319712737
8	90	0.0606527151684011
8	91	0.26797155718922
8	92	0.257252694901652
8	93	0.0984399302005996
8	94	0.10828392322066
8	95	0.0571031868778858
8	96	0.0553900912715492
8	97	0.259618705109575
8	98	0.272599640365053
8	99	0.0944261665041973
8	100	0.0934819048391553
8	101	0.11438532861256
8	102	0.104090649037429
8	103	0.2414658915584
8	104	0.258368503967488
8	105	0.132846805861303
8	106	0.128861401685464
8	107	0.0499644006266915
8	108	0.0449679605640223
8	109	0.238280970829829
8	110	0.22398411258004
8	111	0.0907683740716761
8	112	0.0953067927752599
8	113	0.240873498286007
8	114	0.248099703234588
8	115	0.218483957637706
8	116	0.229408155519591
8	117	0.445629351850469
8	118	0.405522710183926
8	119	0.193880716667562
8	120	0.195819523834238
8	121	0.191740302422598
8	122	0.18598809334992
8	123	0.120044557854302
8	124	0.112841884383044
8	125	0.195288409274878
8	126	0.205052829738622
8	127	0.181054481032568
8	128	0.175622846601591
8	129	0.240019698734473
8	130	0.242419895721818
8	131	0.115884188809232
8	132	0.113566505033048
8	133	0.217327399015721
8	134	0.199941207094463
8	135	0.214836323815217
8	136	0.210539597338913
8	137	0.125285445507549
8	138	0.135308281148153
8	139	0.234502744314778
8	140	0.246227881530517
8	141	0.341307462560221
8	142	0.344720537185824
8	143	0.124114096053984
8	144	0.115426109330205
8	145	0.36523935172513
8	146	0.343324990621622
8	147	0.127580249161461
8	148	0.128856051653076
8	149	0.0866352089078645
8	150	0.092699673531415
8	151	0.0945375055768128
8	152	0.0973736307441172
8	153	0.177000729666188
8	154	0.189390780742822
8	155	0.235455260905263
8	156	0.211909734814736
8	157	0.363049759777236
8	158	0.366680257375009
8	159	0.132809387167836
8	160	0.13812176265455
8	161	0.481149011280576
8	162	0.485960501393382
8	163	0.263834883452232
8	164	0.279664976459366
8	165	0.535684525861924
8	166	0.551755061637782
8	167	0.109747209098015
8	168	0.118526985825856
8	169	0.394252180735607
8	170	0.374539571698827
8	171	0.0402455461858996
8	172	0.0366234470291686
8	173	0.201458476199453
8	174	0.219589739057404
8	175	0.208596389391464
8	176	0.198166569921891
8	177	0.140444738337799
8	178	0.151680317404823
8	179	0.239977240082497
8	180	0.235177695280847
8	181	0.0553796048602271
8	182	0.0564871969574316
8	183	0.0275006534698787
8	184	0.0264006273310836
8	185	0.106055796971749
8	186	0.100753007123162
8	187	0.143936490891181
8	188	0.130982206710975
8	189	0.179871601928939
8	190	0.172676737851781
8	191	0.103070953504205
8	192	0.0979174058289952
8	193	0.184532609454001
8	194	0.202985870399401
8	195	0.135401629342676
8	196	0.143525727103237
8	197	0.0552491651849451
8	198	0.0607740817034396
8	199	0.472976566431356
8	200	0.472976566431356
8	201	0.40669902524388
8	202	0.370096112971931
8	203	0.254088730518042
8	204	0.271874941654305
8	205	0.0475458392868741
8	206	0.0518249648226928
8	207	0.170252806692286
8	208	0.16684775055844
8	209	0.17464167637776
8	210	0.164163175795094
8	211	0.252349394991445
8	212	0.267490358690932
8	213	0.204062861617915
8	214	0.210184747466452
8	215	0.136007096938503
8	216	0.123766458214038
8	217	0.192275472995099
8	218	0.192275472995099
8	219	0.0781983715555737
8	220	0.0805443227022409
8	221	0.175345602272907
8	222	0.189373250454739
8	223	0.218365762544216
8	224	0.200896501540679
8	225	0.309952078396348
8	226	0.328549203100129
8	227	0.118610785980919
8	228	0.1162385702613
8	229	0.133877678272847
8	230	0.129861347924662
8	231	0.154941874607685
8	232	0.139447687146917
8	233	0.126420775971566
8	234	0.115042906134125
8	235	0.173409578213836
8	236	0.182080057124528
8	237	0.0662035043926203
8	238	0.0695136796122513
8	239	0.284717675547536
8	240	0.273328968525635
8	241	0.153141511984867
8	242	0.147015851505473
8	243	0.0753163510381084
8	244	0.0820948226315382
8	245	0.129409973813226
8	246	0.13199817328949
8	247	0.270842243811855
8	248	0.295218045754922
8	249	0.253168144251472
8	250	0.258231507136501
8	251	0.164386281914715
8	252	0.161098556276421
8	253	0.136371022901717
8	254	0.14455328427582
8	255	0.262675732076275
8	256	0.28631654796314
8	257	0.0483569834838208
8	258	0.0517419723276883
8	259	0.0650089103720197
8	260	0.0656589994757399
8	261	0.0565365945225542
8	262	0.0571019604677797
8	263	0.204927675503182
8	264	0.192632014972991
8	265	0.143239201455503
8	266	0.134644849368172
8	267	0.162362774675346
8	268	0.160739146928593
8	269	0.0898972303668602
8	270	0.0863013411521858
8	271	0.219971627626067
8	272	0.211172762521025
8	273	0.220108776430887
8	274	0.206902249845034
8	275	0.204019862576648
8	276	0.206060061202414
8	277	0.244803415783581
8	278	0.230115210836566
8	279	0.261500753084582
8	280	0.240580692837815
8	281	0.180863824741211
8	282	0.177246548246386
8	283	0.0760230031321366
8	284	0.0752627731008153
8	285	0.127941190273123
8	286	0.122823542662198
8	287	0.105803095814581
8	288	0.105803095814581
8	289	0.397359181396243
8	290	0.357623263256619
8	291	0.283324528897757
8	292	0.257825321296959
8	293	0.128671862231557
8	294	0.126098424986926
8	295	0.075790353614183
8	296	0.075790353614183
8	297	0.0947931687309549
8	298	0.0900535102944072
8	299	0.299841670516561
8	300	0.326827420863051
8	301	0.250941350051013
8	302	0.230866042046932
8	303	0.287209975880505
8	304	0.307314674192141
8	305	0.206202903635563
8	306	0.21238899074463
8	307	0.209568327026824
8	308	0.205376960486287
8	309	0.299314277525697
8	310	0.320266276952496
8	311	0.0722445084222347
8	312	0.0671873928326783
8	313	0.320121536379355
8	314	0.339328828562116
8	315	0.193859084839427
8	316	0.191920493991032
8	317	0.258224295179485
8	318	0.265971024034869
8	319	0.0348063830610355
8	320	0.037242829875308
8	321	0.244780611927784
8	322	0.239884999689228
8	323	0.157586667079599
8	324	0.151283200396415
8	325	0.167925302680463
8	326	0.161208290573245
8	327	0.0652991644143977
8	328	0.0594222396171019
8	329	0.0151471355686911
8	330	0.0154500782800649
8	331	0.0838509450123083
8	332	0.0922360395135391
8	333	0.158450915420052
8	334	0.145774842186448
8	335	0.138874344899006
8	336	0.126375653858096
8	337	0.0650966136428214
8	338	0.0650966136428214
8	339	0.272670627859895
8	340	0.28630415925289
8	341	0.154699306758042
8	342	0.159340285960783
8	343	0.297181350782286
8	344	0.320955858844869
8	345	0.227151641652274
8	346	0.220337092402706
8	347	0.0624699797850812
8	348	0.0618452799872304
8	349	0.0823154202691458
8	350	0.0905469622960604
8	351	0.25886690505089
8	352	0.240746221697328
8	353	0.107846979342382
8	354	0.112160858516078
8	355	0.153666350229915
8	356	0.169032985252906
8	357	0.1081090190597
8	358	0.117838830775073
8	359	0.100916713924955
8	360	0.0968800453679572
8	361	0.587
8	362	0.58113
8	363	0.54
8	364	0.594
8	365	0.178
8	366	0.17444
8	367	0
8	368	0
8	369	0.170992981467402
8	370	0.15731354295001
8	371	0.0718782816033062
8	372	0.0682843675231409
8	373	0.352858741034328
8	374	0.328158629161925
8	375	0.0626514771244999
8	376	0.0626514771244999
8	377	0.604
8	378	0.65836
8	379	0.549
8	380	0.49959
8	381	0.012
8	382	0.01152
8	383	0
8	384	0
9	1	0.174061780857567
9	2	0.16883992743184
9	3	0.277057445387978
9	4	0.304763189926776
9	5	0.375330619331975
9	6	0.401603762685213
9	7	0.0992220608876629
9	8	0.0912842960166499
9	9	0.325934713577571
9	10	0.34223144925645
9	11	0.325902267762938
9	12	0.358492494539232
9	13	0.385900159928249
9	14	0.370464153531119
9	15	0.297088241249493
9	16	0.282233829187018
9	17	0.10146257874217
9	18	0.0963894498050619
9	19	0.15742694445439
9	20	0.166872561121653
9	21	0.372959440402098
9	22	0.372959440402098
9	23	0.269403917993649
9	24	0.247851604554157
9	25	0.124473396903902
9	26	0.119494461027745
9	27	0.225234725129929
9	28	0.234244114135126
9	29	0.28263451376905
9	30	0.308071620008265
9	31	0.0639231317775795
9	32	0.06839775100201
9	33	0.104221768682312
9	34	0.114643945550543
9	35	0.218649836396715
9	36	0.196784852757043
9	37	0.298333475030675
9	38	0.316233483532516
9	39	0.442054638702315
9	40	0.442054638702315
9	41	0.170234540347792
9	42	0.156615777119969
9	43	0.0856970070472065
9	44	0.0848400369767344
9	45	0.462147880270951
9	46	0.448283443862822
9	47	0.119495499989447
9	48	0.109935859990291
9	49	0.306366031374067
9	50	0.327811653570252
9	51	0.22066586757688
9	52	0.240525795658799
9	53	0.288571219797113
9	54	0.265485522213344
9	55	0.0430628125065586
9	56	0.0439240687566898
9	57	0.0858307802349934
9	58	0.0806809334208938
9	59	0.083138162029068
9	60	0.0814753987884866
9	61	0.30688644990719
9	62	0.316093043404406
9	63	0.152673576522272
9	64	0.151146840757049
9	65	0.148770714884396
9	66	0.15025842203324
9	67	0.386631492503512
9	68	0.413695696978758
9	69	0.0379242820580606
9	70	0.0398204961609636
9	71	0.0633432416615164
9	72	0.0633432416615164
9	73	0.139534818858812
9	74	0.150697604367517
9	75	0.0915031217924957
9	76	0.0869279657028709
9	77	0.131845435687302
9	78	0.123934709546064
9	79	0.114519356338521
9	80	0.10764819495821
9	81	0.122394757128341
9	82	0.111379228986791
9	83	0.0291222224839466
9	84	0.0297046669336256
9	85	0.30797485735799
9	86	0.28949636591651
9	87	0.16746331144017
9	88	0.154066246524957
9	89	0.232996813464351
9	90	0.242316686002925
9	91	0.0995771685545071
9	92	0.097585625183417
9	93	0.186245619071791
9	94	0.184383162881073
9	95	0.0550959683499535
9	96	0.0550959683499535
9	97	0.0506693483521475
9	98	0.0496559613851045
9	99	0.227684204502654
9	100	0.223130520412601
9	101	0.2461828380235
9	102	0.263415636685145
9	103	0.155293974275552
9	104	0.16616455247484
9	105	0.0949553041183258
9	106	0.0930561980359593
9	107	0.101943082857079
9	108	0.103981944514221
9	109	0.357558292572824
9	110	0.38616295597865
9	111	0.309148224013562
9	112	0.299873777293155
9	113	0.301395334852499
9	114	0.298381381503974
9	115	0.0579181544721574
9	116	0.0584973360168789
9	117	0.172730476628237
9	118	0.176185086160801
9	119	0.178241444173234
9	120	0.192500759707092
9	121	0.0304136543297882
9	122	0.0301095177864903
9	123	0.162906610451176
9	124	0.156390346033129
9	125	0.0333281465415025
9	126	0.0339947094723326
9	127	0.0114698680264296
9	128	0.0103228812237866
9	129	0.106297423951146
9	130	0.0988566042745658
9	131	0.148396323038233
9	132	0.140976506886321
9	133	0.15978143494209
9	134	0.166172692339774
9	135	0.0713486052906943
9	136	0.0677811750261596
9	137	0.177409028496475
9	138	0.177409028496475
9	139	0.0335110943131051
9	140	0.0368622037444156
9	141	0.0486347338821159
9	142	0.0476620392044735
9	143	0.15229672347144
9	144	0.140112985593725
9	145	0.0880905568422149
9	146	0.0924950846843256
9	147	0.0891268573917689
9	148	0.0926919316874397
9	149	0.062779739228816
9	150	0.0565017653059344
9	151	0.173679830824602
9	152	0.159785444358634
9	153	0.146911295034915
9	154	0.136627504382471
9	155	0.120221314570666
9	156	0.123827954007786
9	157	0.185617064599933
9	158	0.19489791782993
9	159	0.0952105243340062
9	160	0.0942584190906662
9	161	0.201886137985468
9	162	0.183716385566776
9	163	0.135280002725606
9	164	0.135280002725606
9	165	0.0940475950634617
9	166	0.0855833115077502
9	167	0.114698297627956
9	168	0.114698297627956
9	169	0.180558109422571
9	170	0.169724622857216
9	171	0.161279272823597
9	172	0.149989723725945
9	173	0.192789748738768
9	174	0.185078158789218
9	175	0.152093579082185
9	176	0.147530771709719
9	177	0.251964357397193
9	178	0.226767921657474
9	179	0.407122247409541
9	180	0.403051024935446
9	181	0.205163307249994
9	182	0.221576371829994
9	183	0.230305606436639
9	184	0.221093382179173
9	185	0.0280864215868074
9	186	0.0294907426661477
9	187	0.0313637445653807
9	188	0.0297955573371116
9	189	0.213941066743864
9	190	0.231056352083373
9	191	0.177580945545733
9	192	0.181132564456648
9	193	0.20880302456311
9	194	0.229683327019421
9	195	0.0128399658278986
9	196	0.0141239624106885
9	197	0.0342155140464179
9	198	0.0338733589059537
9	199	0.136603920782576
9	200	0.133871842366924
9	201	0.162640565120779
9	202	0.162640565120779
9	203	0.137840958486295
9	204	0.125435272222528
9	205	0.177285747037138
9	206	0.177285747037138
9	207	0.376536681341508
9	208	0.384067414968339
9	209	0.140615711637144
9	210	0.144834182986258
9	211	0.1389373300622
9	212	0.134769210160334
9	213	0.175605746120594
9	214	0.159801228969741
9	215	0.17022615553016
9	216	0.171928417085461
9	217	0.0613124817778608
9	218	0.0588599825067463
9	219	0.0495957797323571
9	220	0.0481079063403864
9	221	0.423811465101105
9	222	0.428049579752116
9	223	0.172049942203895
9	224	0.178931939892051
9	225	0.0483990976591644
9	226	0.0532390074250809
9	227	0.310152205779051
9	228	0.328761338125794
9	229	0.325536640298074
9	230	0.312515174686151
9	231	0.0759555685211525
9	232	0.073676901465518
9	233	0.142650555975481
9	234	0.146930072654745
9	235	0.125437510976963
9	236	0.137981262074659
9	237	0.113459240676227
9	238	0.107786278642416
9	239	0.285437820851259
9	240	0.288292199059772
9	241	0.278181784614504
9	242	0.286527238152939
9	243	0.0256107447027527
9	244	0.0235618851265325
9	245	0.199936727913264
9	246	0.183941789680203
9	247	0.339669627459764
9	248	0.363446501381947
9	249	0.234838672483614
9	250	0.211354805235253
9	251	0.358047815511538
9	252	0.372369728131999
9	253	0.128417133767911
9	254	0.134837990456306
9	255	0.0983942614151539
9	256	0.0993782040293054
9	257	0.0942368985956653
9	258	0.0895250536658821
9	259	0.126089101271094
9	260	0.13365444734736
9	261	0.285691026863078
9	262	0.291404847400339
9	263	0.299996212484442
9	264	0.323995909483197
9	265	0.118973086619102
9	266	0.108265508823382
9	267	0.366548539815315
9	268	0.329893685833784
9	269	0.235948468638483
9	270	0.221791560520174
9	271	0.0335555122823209
9	272	0.0315421815453816
9	273	0.0233016248934296
9	274	0.0246997223870354
9	275	0.17402838509994
9	276	0.184470088205936
9	277	0.532476208168582
9	278	0.495202873596782
9	279	0.0683698532381579
9	280	0.0724720444324474
9	281	0.295264382507953
9	282	0.274595875732396
9	283	0.0369402641616638
9	284	0.0373096668032804
9	285	0.283431119894133
9	286	0.303271298286722
9	287	0.163636851121833
9	288	0.15709137707696
9	289	0.631632638568785
9	290	0.644265291340161
9	291	0.216723688520515
9	292	0.227559872946541
9	293	0.187563542398136
9	294	0.19319044867008
9	295	0.1031889899286
9	296	0.100093320230742
9	297	0.0309258295281785
9	298	0.0293795380517696
9	299	0.253312743439843
9	300	0.230514596530257
9	301	0.203892337911068
9	302	0.216125878185732
9	303	0.192760298695411
9	304	0.204325916617136
9	305	0.0479564641933513
9	306	0.0455586409836837
9	307	0.245501290541086
9	308	0.22831620020321
9	309	0.247107355882866
9	310	0.256991650118181
9	311	0.0259034590552182
9	312	0.0264215282363225
9	313	0.194468215338572
9	314	0.175021393804715
9	315	0.0352654900542466
9	316	0.0377340743580438
9	317	0.168242752169941
9	318	0.173290034735039
9	319	0.108482827863248
9	320	0.112822140977778
9	321	0.104276520285994
9	322	0.0948916334602541
9	323	0.0774148140947314
9	324	0.0851562955042046
9	325	0.249480825210218
9	326	0.241996400453912
9	327	0.272970415962629
9	328	0.270240711803003
9	329	0.12662378922393
9	330	0.125357551331691
9	331	0.0274103849315787
9	332	0.025765761835684
9	333	0.150694566001505
9	334	0.156722348641565
9	335	0.147268779015822
9	336	0.154632217966614
9	337	0.0762570673715559
9	338	0.0762570673715559
9	339	0.346836675965438
9	340	0.371115243283019
9	341	0.245249339611881
9	342	0.252606819800237
9	343	0.440374849160921
9	344	0.480008585585404
9	345	0.147251420163798
9	346	0.160504047978539
9	347	0.16195341437472
9	348	0.171670619237204
9	349	0.229448497138966
9	350	0.229448497138966
9	351	0.0387944820724079
9	352	0.0376306476102357
9	353	0.151851143904373
9	354	0.162480723977679
9	355	0.0647761339376583
9	356	0.0608895659013988
9	357	0.136757458753858
9	358	0.140860182516474
9	359	0.262054757719746
9	360	0.259434210142548
9	361	0.626
9	362	0.61348
9	363	0.535
9	364	0.57245
9	365	0.051
9	366	0.05202
9	367	0
9	368	0
9	369	0.289833346136891
9	370	0.286935012675522
9	371	0.0247885883719731
9	372	0.0240449307208139
9	373	0.0837190613623126
9	374	0.0828818707486895
9	375	0.0701091097489376
9	376	0.065201472066512
9	377	0.635
9	378	0.69215
9	379	0.564
9	380	0.57528
9	381	0.066
9	382	0.0594
9	383	0
9	384	0
10	1	0.221345006161398
10	2	0.232412256469468
10	3	0.285900865234054
10	4	0.257310778710649
10	5	0.324278422588264
10	6	0.304821717232968
10	7	0.430603202874767
10	8	0.456439395047253
10	9	0.28693521488376
10	10	0.261111045544221
10	11	0.217243319888831
10	12	0.206381153894389
10	13	0.135073785321382
10	14	0.133723047468169
10	15	0.0625835986101936
10	16	0.0632094345962956
10	17	0.165407742963797
10	18	0.175332207541624
10	19	0.197397515554925
10	20	0.201345465866024
10	21	0.0442554310664993
10	22	0.0416001052025093
10	23	0.080565403743193
10	24	0.0813710577806249
10	25	0.0456066524749038
10	26	0.0442384529006567
10	27	0.342090263279237
10	28	0.335248458013652
10	29	0.268771344641252
10	30	0.290273052212552
10	31	0.40268125864272
10	32	0.394627633469866
10	33	0.00823112821407869
10	34	0.00823112821407869
10	35	0.339669594365534
10	36	0.373636553802087
10	37	0.123679159566146
10	38	0.113784826800854
10	39	0.068069996500223
10	40	0.0673892965352208
10	41	0.0694400857754422
10	42	0.075689693495232
10	43	0.423885894414817
10	44	0.385736163917483
10	45	0.494215122843257
10	46	0.489272971614825
10	47	0.395683926382804
10	48	0.38381340859132
10	49	0.425066010472185
10	50	0.463321951414681
10	51	0.191929206719818
10	52	0.195767790854214
10	53	0.144372883695932
10	54	0.150147799043769
10	55	0.211911742626987
10	56	0.192839685790558
10	57	0.0602304617436783
10	58	0.0644465940657358
10	59	0.184778923340233
10	60	0.179235555640026
10	61	0.167019696791357
10	62	0.178711075566752
10	63	0.116218261363664
10	64	0.105758617840934
10	65	0.17768484325962
10	66	0.190122782287793
10	67	0.185877392414766
10	68	0.204465131656243
10	69	0.225345769904922
10	70	0.23210614300207
10	71	0.135623450222879
10	72	0.14647332624071
10	73	0.218348082855911
10	74	0.237999410312943
10	75	0.046964657277519
10	76	0.0432074846953174
10	77	0.270146694331879
10	78	0.248534958785329
10	79	0.0632092544141422
10	80	0.0632092544141422
10	81	0.0675336852910095
10	82	0.0661830115851893
10	83	0.335773029051567
10	84	0.322342107889504
10	85	0.160109968354872
10	86	0.156907768987774
10	87	0.15068925149798
10	88	0.161237499102838
10	89	0.174657283222888
10	90	0.165924419061744
10	91	0.159924159252028
10	92	0.161523400844548
10	93	0.0552322055997734
10	94	0.0579938158797621
10	95	0.0614130512402431
10	96	0.0607989207278407
10	97	0.263284993376416
10	98	0.265917843310181
10	99	0.314338777203618
10	100	0.282904899483256
10	101	0.217931910329831
10	102	0.207035314813339
10	103	0.173303866787537
10	104	0.183702098794789
10	105	0.169676195710851
10	106	0.1594956239682
10	107	0.151089168677009
10	108	0.142023818556388
10	109	0.273192070001172
10	110	0.300511277001289
10	111	0.058375693873407
10	112	0.0560406661184707
10	113	0.107320318274734
10	114	0.11697914691946
10	115	0.0565414135347674
10	116	0.0554105852640721
10	117	0.428143415397292
10	118	0.436706283705238
10	119	0.393776959235117
10	120	0.417403576789224
10	121	0.299222253624897
10	122	0.305206698697395
10	123	0.395980049122157
10	124	0.356382044209942
10	125	0.234392093478524
10	126	0.220328567869812
10	127	0.0894217254667594
10	128	0.0876332909574242
10	129	0.319193480460774
10	130	0.319193480460774
10	131	0.114795210357851
10	132	0.112499306150694
10	133	0.0702028346803254
10	134	0.0772231181483579
10	135	0.0302364564715909
10	136	0.0326553729893182
10	137	0.0936836292556533
10	138	0.086188938915201
10	139	0.129209332632008
10	140	0.140838172568889
10	141	0.0102050841736184
10	142	0.0101030333318823
10	143	0.234859715606639
10	144	0.241905507074838
10	145	0.0800162826236141
10	146	0.073614980013725
10	147	0.423932276266336
10	148	0.385778371402366
10	149	0.300946296093653
10	150	0.29492737017178
10	151	0.0867906990774688
10	152	0.0850548850959194
10	153	0.123401013506365
10	154	0.125869033776492
10	155	0.421296828171503
10	156	0.396019018481213
10	157	0.242868089775362
10	158	0.218581280797826
10	159	0.129296377648624
10	160	0.135761196531055
10	161	0.167913483472707
10	162	0.157838674464345
10	163	0.193888180427032
10	164	0.190010416818491
10	165	0.0965028976701428
10	166	0.0868526079031285
10	167	0.330035683428506
10	168	0.310233542422796
10	169	0.17155594538808
10	170	0.168124826480319
10	171	0.149086043837158
10	172	0.159522066905759
10	173	0.097961929453915
10	174	0.10383964522115
10	175	0.478289126772382
10	176	0.454374670433762
10	177	0.149710110002949
10	178	0.149710110002949
10	179	0.0452107381519506
10	180	0.0447586307704311
10	181	0.04485089824135
10	182	0.043953880276523
10	183	0.592396781096992
10	184	0.633864555773781
10	185	0.0863408066410636
10	186	0.0915212550395274
10	187	0.134266547945672
10	188	0.135609213425129
10	189	0.141516434786869
10	190	0.135855777395395
10	191	0.0501195496965408
10	192	0.0521243316844024
10	193	0.0538996433433908
10	194	0.0565946255105603
10	195	0.073369746873746
10	196	0.0770382342174333
10	197	0.18300302337071
10	198	0.201303325707781
10	199	0.247574422642607
10	200	0.264904632227589
10	201	0.0382816726738185
10	202	0.0417270232144621
10	203	0.0336104069991372
10	204	0.0319298866491804
10	205	0.163415312193621
10	206	0.178122690291047
10	207	0.404065561359017
10	208	0.436390806267738
10	209	0.0775952403801166
10	210	0.0814750023991224
10	211	0.250825710204476
10	212	0.243300938898341
10	213	0.0614414089960514
10	214	0.0651278935358145
10	215	0.426531786517331
10	216	0.418001150786985
10	217	0.0600205697036222
10	218	0.0618211867947309
10	219	0.338557462045535
10	220	0.369027633629633
10	221	0.570988579379161
10	222	0.519599607235036
10	223	0.298232453680947
10	224	0.325073374512232
10	225	0.0921691324681252
10	226	0.0986209717408939
10	227	0.365989632509799
10	228	0.362329736184701
10	229	0.0803598153104068
10	230	0.0819670116166149
10	231	0.136040027800164
10	232	0.134679627522162
10	233	0.0734847508707826
10	234	0.0683408183098278
10	235	0.195670055215893
10	236	0.213280360185324
10	237	0.177787417122914
10	238	0.188454662150289
10	239	0.0613392329874919
10	240	0.0631794099771167
10	241	0.216361357237228
10	242	0.2185249708096
10	243	0.0709666260664302
10	244	0.077353622412409
10	245	0.0510119741520432
10	246	0.0459107767368389
10	247	0.205062465599862
10	248	0.203011840943864
10	249	0.123304769759808
10	250	0.133169151340593
10	251	0.131943536042838
10	252	0.141179583565836
10	253	0.096338993714387
10	254	0.0905586540915237
10	255	0.294544336586773
10	256	0.273926233025699
10	257	0.285700847086596
10	258	0.31141392332439
10	259	0.524798623700817
10	260	0.566782513596882
10	261	0.195179708293236
10	262	0.204938693707898
10	263	0.0373294627918481
10	264	0.0410624090710329
10	265	0.265804425779676
10	266	0.281752691326457
10	267	0.181784054981488
10	268	0.196326779380007
10	269	0.173855678948564
10	270	0.17559423573805
10	271	0.179394585757366
10	272	0.168630910611924
10	273	0.152465584567328
10	274	0.150940928721655
10	275	0.330369378012236
10	276	0.307243521551379
10	277	0.316607315552096
10	278	0.338769827640743
10	279	0.200026914297261
10	280	0.200026914297261
10	281	0.196282038685185
10	282	0.210021781393148
10	283	0.026838452427725
10	284	0.0263016833791705
10	285	0.0639036669449623
10	286	0.0690159603005593
10	287	0.179939667356712
10	288	0.192535444071682
10	289	0.428879152888046
10	290	0.428879152888046
10	291	0.0948728795687246
10	292	0.0967703371600991
10	293	0.0475270905315194
10	294	0.0489529032474649
10	295	0.0296592779046738
10	296	0.0311422417999075
10	297	0.0605832850938697
10	298	0.0636124493485631
10	299	0.030379574606435
10	300	0.0288605958761132
10	301	0.21289665044163
10	302	0.217154583450462
10	303	0.520463908805346
10	304	0.551691743333667
10	305	0.00478850031538031
10	306	0.00435753528699608
10	307	0.132524475789863
10	308	0.133849720547761
10	309	0.199263502435901
10	310	0.209226677557696
10	311	0.0579584158493557
10	312	0.0637542574342913
10	313	0.154198647187445
10	314	0.140320768940575
10	315	0.224717138078745
10	316	0.222469966697958
10	317	0.201972222898077
10	318	0.18379472283725
10	319	0.189778012471166
10	320	0.180289111847608
10	321	0.21174468691348
10	322	0.192687665091267
10	323	0.14409057140365
10	324	0.155617817115942
10	325	0.14731813848548
10	326	0.148791319870335
10	327	0.180207376112611
10	328	0.192821892440494
10	329	0.0979624095769133
10	330	0.105799402343066
10	331	0.0369473106375289
10	332	0.0339915257865266
10	333	0.0936572978441665
10	334	0.100213308693258
10	335	0.189699304017375
10	336	0.206772241378939
10	337	0.194144999937705
10	338	0.178613399942689
10	339	0.245639203257305
10	340	0.250551987322451
10	341	0.0849034617493915
10	342	0.0916957386893429
10	343	0.131561801399599
10	344	0.144717981539559
10	345	0.0741895470028716
10	346	0.0734476515328429
10	347	0.0934373934149743
10	348	0.0953061412832738
10	349	0.195825900597485
10	350	0.215408490657233
10	351	0.057656258798875
10	352	0.0605390717388187
10	353	0.290645125504527
10	354	0.302270930524708
10	355	0.0926863075333603
10	356	0.101954938286696
10	357	0.0217533700342037
10	358	0.0204481678321515
10	359	0.3962172350011
10	360	0.380368545601056
10	361	0.524
10	362	0.4978
10	363	0.514
10	364	0.514
10	365	0.003
10	366	0.00309
10	367	0
10	368	0
10	369	0.166790604457611
10	370	0.158451074234731
10	371	0.0476984934425182
10	372	0.0481754783769434
10	373	0.213480126855751
10	374	0.196401716707291
10	375	0.352564266283887
10	376	0.341987338295371
10	377	0.517
10	378	0.55319
10	379	0.62
10	380	0.6262
10	381	0.023
10	382	0.02231
10	383	0
10	384	0
