format	well	type	row	row.num	col	replicates	targets
1536	1	1	A	1	1	1	1
1536	3	1	C	3	1	1	1
1536	5	1	E	5	1	1	1
1536	7	1	G	7	1	1	1
1536	9	1	I	9	1	1	1
1536	11	1	K	11	1	1	1
1536	13	1	M	13	1	1	1
1536	15	1	O	15	1	1	1
1536	17	1	Q	17	1	1	1
1536	19	1	S	19	1	1	1
1536	21	1	U	21	1	1	1
1536	23	1	W	23	1	1	1
1536	25	1	Y	25	1	1	1
1536	27	1	AA	27	1	1	1
1536	29	1	AC	29	1	1	1
1536	31	1	AE	31	1	1	1
1536	65	1	A	1	3	1	1
1536	67	1	C	3	3	1	1
1536	69	1	E	5	3	1	1
1536	71	1	G	7	3	1	1
1536	73	1	I	9	3	1	1
1536	75	1	K	11	3	1	1
1536	77	1	M	13	3	1	1
1536	79	1	O	15	3	1	1
1536	81	1	Q	17	3	1	1
1536	83	1	S	19	3	1	1
1536	85	1	U	21	3	1	1
1536	87	1	W	23	3	1	1
1536	89	1	Y	25	3	1	1
1536	91	1	AA	27	3	1	1
1536	93	1	AC	29	3	1	1
1536	95	1	AE	31	3	1	1
1536	129	1	A	1	5	1	1
1536	131	1	C	3	5	1	1
1536	133	1	E	5	5	1	1
1536	135	1	G	7	5	1	1
1536	137	1	I	9	5	1	1
1536	139	1	K	11	5	1	1
1536	141	1	M	13	5	1	1
1536	143	1	O	15	5	1	1
1536	145	1	Q	17	5	1	1
1536	147	1	S	19	5	1	1
1536	149	1	U	21	5	1	1
1536	151	1	W	23	5	1	1
1536	153	1	Y	25	5	1	1
1536	155	1	AA	27	5	1	1
1536	157	1	AC	29	5	1	1
1536	159	1	AE	31	5	1	1
1536	193	1	A	1	7	1	1
1536	195	1	C	3	7	1	1
1536	197	1	E	5	7	1	1
1536	199	1	G	7	7	1	1
1536	201	1	I	9	7	1	1
1536	203	1	K	11	7	1	1
1536	205	1	M	13	7	1	1
1536	207	1	O	15	7	1	1
1536	209	1	Q	17	7	1	1
1536	211	1	S	19	7	1	1
1536	213	1	U	21	7	1	1
1536	215	1	W	23	7	1	1
1536	217	1	Y	25	7	1	1
1536	219	1	AA	27	7	1	1
1536	221	1	AC	29	7	1	1
1536	223	1	AE	31	7	1	1
1536	257	1	A	1	9	1	1
1536	259	1	C	3	9	1	1
1536	261	1	E	5	9	1	1
1536	263	1	G	7	9	1	1
1536	265	1	I	9	9	1	1
1536	267	1	K	11	9	1	1
1536	269	1	M	13	9	1	1
1536	271	1	O	15	9	1	1
1536	273	1	Q	17	9	1	1
1536	275	1	S	19	9	1	1
1536	277	1	U	21	9	1	1
1536	279	1	W	23	9	1	1
1536	281	1	Y	25	9	1	1
1536	283	1	AA	27	9	1	1
1536	285	1	AC	29	9	1	1
1536	287	1	AE	31	9	1	1
1536	321	1	A	1	11	1	1
1536	323	1	C	3	11	1	1
1536	325	1	E	5	11	1	1
1536	327	1	G	7	11	1	1
1536	329	1	I	9	11	1	1
1536	331	1	K	11	11	1	1
1536	333	1	M	13	11	1	1
1536	335	1	O	15	11	1	1
1536	337	1	Q	17	11	1	1
1536	339	1	S	19	11	1	1
1536	341	1	U	21	11	1	1
1536	343	1	W	23	11	1	1
1536	345	1	Y	25	11	1	1
1536	347	1	AA	27	11	1	1
1536	349	1	AC	29	11	1	1
1536	351	1	AE	31	11	1	1
1536	385	1	A	1	13	1	1
1536	387	1	C	3	13	1	1
1536	389	1	E	5	13	1	1
1536	391	1	G	7	13	1	1
1536	393	1	I	9	13	1	1
1536	395	1	K	11	13	1	1
1536	397	1	M	13	13	1	1
1536	399	1	O	15	13	1	1
1536	401	1	Q	17	13	1	1
1536	403	1	S	19	13	1	1
1536	405	1	U	21	13	1	1
1536	407	1	W	23	13	1	1
1536	409	1	Y	25	13	1	1
1536	411	1	AA	27	13	1	1
1536	413	1	AC	29	13	1	1
1536	415	1	AE	31	13	1	1
1536	449	1	A	1	15	1	1
1536	451	1	C	3	15	1	1
1536	453	1	E	5	15	1	1
1536	455	1	G	7	15	1	1
1536	457	1	I	9	15	1	1
1536	459	1	K	11	15	1	1
1536	461	1	M	13	15	1	1
1536	463	1	O	15	15	1	1
1536	465	1	Q	17	15	1	1
1536	467	1	S	19	15	1	1
1536	469	1	U	21	15	1	1
1536	471	1	W	23	15	1	1
1536	473	1	Y	25	15	1	1
1536	475	1	AA	27	15	1	1
1536	477	1	AC	29	15	1	1
1536	479	1	AE	31	15	1	1
1536	513	1	A	1	17	1	1
1536	515	1	C	3	17	1	1
1536	517	1	E	5	17	1	1
1536	519	1	G	7	17	1	1
1536	521	1	I	9	17	1	1
1536	523	1	K	11	17	1	1
1536	525	1	M	13	17	1	1
1536	527	1	O	15	17	1	1
1536	529	1	Q	17	17	1	1
1536	531	1	S	19	17	1	1
1536	533	1	U	21	17	1	1
1536	535	1	W	23	17	1	1
1536	537	1	Y	25	17	1	1
1536	539	1	AA	27	17	1	1
1536	541	1	AC	29	17	1	1
1536	543	1	AE	31	17	1	1
1536	577	1	A	1	19	1	1
1536	579	1	C	3	19	1	1
1536	581	1	E	5	19	1	1
1536	583	1	G	7	19	1	1
1536	585	1	I	9	19	1	1
1536	587	1	K	11	19	1	1
1536	589	1	M	13	19	1	1
1536	591	1	O	15	19	1	1
1536	593	1	Q	17	19	1	1
1536	595	1	S	19	19	1	1
1536	597	1	U	21	19	1	1
1536	599	1	W	23	19	1	1
1536	601	1	Y	25	19	1	1
1536	603	1	AA	27	19	1	1
1536	605	1	AC	29	19	1	1
1536	607	1	AE	31	19	1	1
1536	641	1	A	1	21	1	1
1536	643	1	C	3	21	1	1
1536	645	1	E	5	21	1	1
1536	647	1	G	7	21	1	1
1536	649	1	I	9	21	1	1
1536	651	1	K	11	21	1	1
1536	653	1	M	13	21	1	1
1536	655	1	O	15	21	1	1
1536	657	1	Q	17	21	1	1
1536	659	1	S	19	21	1	1
1536	661	1	U	21	21	1	1
1536	663	1	W	23	21	1	1
1536	665	1	Y	25	21	1	1
1536	667	1	AA	27	21	1	1
1536	669	1	AC	29	21	1	1
1536	671	1	AE	31	21	1	1
1536	705	1	A	1	23	1	1
1536	707	1	C	3	23	1	1
1536	709	1	E	5	23	1	1
1536	711	1	G	7	23	1	1
1536	713	1	I	9	23	1	1
1536	715	1	K	11	23	1	1
1536	717	1	M	13	23	1	1
1536	719	1	O	15	23	1	1
1536	721	1	Q	17	23	1	1
1536	723	1	S	19	23	1	1
1536	725	1	U	21	23	1	1
1536	727	1	W	23	23	1	1
1536	729	1	Y	25	23	1	1
1536	731	1	AA	27	23	1	1
1536	733	1	AC	29	23	1	1
1536	735	1	AE	31	23	1	1
1536	769	1	A	1	25	1	1
1536	771	1	C	3	25	1	1
1536	773	1	E	5	25	1	1
1536	775	1	G	7	25	1	1
1536	777	1	I	9	25	1	1
1536	779	1	K	11	25	1	1
1536	781	1	M	13	25	1	1
1536	783	1	O	15	25	1	1
1536	785	1	Q	17	25	1	1
1536	787	1	S	19	25	1	1
1536	789	1	U	21	25	1	1
1536	791	1	W	23	25	1	1
1536	793	1	Y	25	25	1	1
1536	795	1	AA	27	25	1	1
1536	797	1	AC	29	25	1	1
1536	799	1	AE	31	25	1	1
1536	833	1	A	1	27	1	1
1536	835	1	C	3	27	1	1
1536	837	1	E	5	27	1	1
1536	839	1	G	7	27	1	1
1536	841	1	I	9	27	1	1
1536	843	1	K	11	27	1	1
1536	845	1	M	13	27	1	1
1536	847	1	O	15	27	1	1
1536	849	1	Q	17	27	1	1
1536	851	1	S	19	27	1	1
1536	853	1	U	21	27	1	1
1536	855	1	W	23	27	1	1
1536	857	1	Y	25	27	1	1
1536	859	1	AA	27	27	1	1
1536	861	1	AC	29	27	1	1
1536	863	1	AE	31	27	1	1
1536	897	1	A	1	29	1	1
1536	899	1	C	3	29	1	1
1536	901	1	E	5	29	1	1
1536	903	1	G	7	29	1	1
1536	905	1	I	9	29	1	1
1536	907	1	K	11	29	1	1
1536	909	1	M	13	29	1	1
1536	911	1	O	15	29	1	1
1536	913	1	Q	17	29	1	1
1536	915	1	S	19	29	1	1
1536	917	1	U	21	29	1	1
1536	919	1	W	23	29	1	1
1536	921	1	Y	25	29	1	1
1536	923	1	AA	27	29	1	1
1536	925	1	AC	29	29	1	1
1536	927	1	AE	31	29	1	1
1536	961	1	A	1	31	1	1
1536	963	1	C	3	31	1	1
1536	965	1	E	5	31	1	1
1536	967	1	G	7	31	1	1
1536	969	1	I	9	31	1	1
1536	971	1	K	11	31	1	1
1536	973	1	M	13	31	1	1
1536	975	1	O	15	31	1	1
1536	977	1	Q	17	31	1	1
1536	979	1	S	19	31	1	1
1536	981	1	U	21	31	1	1
1536	983	1	W	23	31	1	1
1536	985	1	Y	25	31	1	1
1536	987	1	AA	27	31	1	1
1536	989	1	AC	29	31	1	1
1536	991	1	AE	31	31	1	1
1536	1025	1	A	1	33	1	1
1536	1027	1	C	3	33	1	1
1536	1029	1	E	5	33	1	1
1536	1031	1	G	7	33	1	1
1536	1033	1	I	9	33	1	1
1536	1035	1	K	11	33	1	1
1536	1037	1	M	13	33	1	1
1536	1039	1	O	15	33	1	1
1536	1041	1	Q	17	33	1	1
1536	1043	1	S	19	33	1	1
1536	1045	1	U	21	33	1	1
1536	1047	1	W	23	33	1	1
1536	1049	1	Y	25	33	1	1
1536	1051	1	AA	27	33	1	1
1536	1053	1	AC	29	33	1	1
1536	1055	1	AE	31	33	1	1
1536	1089	1	A	1	35	1	1
1536	1091	1	C	3	35	1	1
1536	1093	1	E	5	35	1	1
1536	1095	1	G	7	35	1	1
1536	1097	1	I	9	35	1	1
1536	1099	1	K	11	35	1	1
1536	1101	1	M	13	35	1	1
1536	1103	1	O	15	35	1	1
1536	1105	1	Q	17	35	1	1
1536	1107	1	S	19	35	1	1
1536	1109	1	U	21	35	1	1
1536	1111	1	W	23	35	1	1
1536	1113	1	Y	25	35	1	1
1536	1115	1	AA	27	35	1	1
1536	1117	1	AC	29	35	1	1
1536	1119	1	AE	31	35	1	1
1536	1153	1	A	1	37	1	1
1536	1155	1	C	3	37	1	1
1536	1157	1	E	5	37	1	1
1536	1159	1	G	7	37	1	1
1536	1161	1	I	9	37	1	1
1536	1163	1	K	11	37	1	1
1536	1165	1	M	13	37	1	1
1536	1167	1	O	15	37	1	1
1536	1169	1	Q	17	37	1	1
1536	1171	1	S	19	37	1	1
1536	1173	1	U	21	37	1	1
1536	1175	1	W	23	37	1	1
1536	1177	1	Y	25	37	1	1
1536	1179	1	AA	27	37	1	1
1536	1181	1	AC	29	37	1	1
1536	1183	1	AE	31	37	1	1
1536	1217	1	A	1	39	1	1
1536	1219	1	C	3	39	1	1
1536	1221	1	E	5	39	1	1
1536	1223	1	G	7	39	1	1
1536	1225	1	I	9	39	1	1
1536	1227	1	K	11	39	1	1
1536	1229	1	M	13	39	1	1
1536	1231	1	O	15	39	1	1
1536	1233	1	Q	17	39	1	1
1536	1235	1	S	19	39	1	1
1536	1237	1	U	21	39	1	1
1536	1239	1	W	23	39	1	1
1536	1241	1	Y	25	39	1	1
1536	1243	1	AA	27	39	1	1
1536	1245	1	AC	29	39	1	1
1536	1247	1	AE	31	39	1	1
1536	1281	1	A	1	41	1	1
1536	1283	1	C	3	41	1	1
1536	1285	1	E	5	41	1	1
1536	1287	1	G	7	41	1	1
1536	1289	1	I	9	41	1	1
1536	1291	1	K	11	41	1	1
1536	1293	1	M	13	41	1	1
1536	1295	1	O	15	41	1	1
1536	1297	1	Q	17	41	1	1
1536	1299	1	S	19	41	1	1
1536	1301	1	U	21	41	1	1
1536	1303	1	W	23	41	1	1
1536	1305	1	Y	25	41	1	1
1536	1307	1	AA	27	41	1	1
1536	1309	1	AC	29	41	1	1
1536	1311	1	AE	31	41	1	1
1536	1345	1	A	1	43	1	1
1536	1347	1	C	3	43	1	1
1536	1349	1	E	5	43	1	1
1536	1351	1	G	7	43	1	1
1536	1353	1	I	9	43	1	1
1536	1355	1	K	11	43	1	1
1536	1357	1	M	13	43	1	1
1536	1359	1	O	15	43	1	1
1536	1361	1	Q	17	43	1	1
1536	1363	1	S	19	43	1	1
1536	1365	1	U	21	43	1	1
1536	1367	1	W	23	43	1	1
1536	1369	1	Y	25	43	1	1
1536	1371	1	AA	27	43	1	1
1536	1373	1	AC	29	43	1	1
1536	1375	1	AE	31	43	1	1
1536	1409	1	A	1	45	1	1
1536	1411	1	C	3	45	1	1
1536	1413	1	E	5	45	1	1
1536	1415	1	G	7	45	1	1
1536	1417	1	I	9	45	1	1
1536	1419	1	K	11	45	1	1
1536	1421	1	M	13	45	1	1
1536	1423	1	O	15	45	1	1
1536	1425	1	Q	17	45	1	1
1536	1427	1	S	19	45	1	1
1536	1429	1	U	21	45	1	1
1536	1431	1	W	23	45	1	1
1536	1433	1	Y	25	45	1	1
1536	1435	1	AA	27	45	1	1
1536	1437	1	AC	29	45	1	1
1536	1439	1	AE	31	45	1	1
1536	1473	1	A	1	47	1	1
1536	1475	1	C	3	47	1	1
1536	1477	1	E	5	47	1	1
1536	1479	1	G	7	47	1	1
1536	1481	1	I	9	47	1	1
1536	1483	1	K	11	47	1	1
1536	1485	1	M	13	47	1	1
1536	1487	1	O	15	47	1	1
1536	1489	2	Q	17	47	1	1
1536	1491	2	S	19	47	1	1
1536	1493	2	U	21	47	1	1
1536	1495	2	W	23	47	1	1
1536	1497	3	Y	25	47	1	1
1536	1499	3	AA	27	47	1	1
1536	1501	4	AC	29	47	1	1
1536	1503	4	AE	31	47	1	1
1536	33	1	A	1	2	2	1
1536	35	1	C	3	2	2	1
1536	37	1	E	5	2	2	1
1536	39	1	G	7	2	2	1
1536	41	1	I	9	2	2	1
1536	43	1	K	11	2	2	1
1536	45	1	M	13	2	2	1
1536	47	1	O	15	2	2	1
1536	49	1	Q	17	2	2	1
1536	51	1	S	19	2	2	1
1536	53	1	U	21	2	2	1
1536	55	1	W	23	2	2	1
1536	57	1	Y	25	2	2	1
1536	59	1	AA	27	2	2	1
1536	61	1	AC	29	2	2	1
1536	63	1	AE	31	2	2	1
1536	97	1	A	1	4	2	1
1536	99	1	C	3	4	2	1
1536	101	1	E	5	4	2	1
1536	103	1	G	7	4	2	1
1536	105	1	I	9	4	2	1
1536	107	1	K	11	4	2	1
1536	109	1	M	13	4	2	1
1536	111	1	O	15	4	2	1
1536	113	1	Q	17	4	2	1
1536	115	1	S	19	4	2	1
1536	117	1	U	21	4	2	1
1536	119	1	W	23	4	2	1
1536	121	1	Y	25	4	2	1
1536	123	1	AA	27	4	2	1
1536	125	1	AC	29	4	2	1
1536	127	1	AE	31	4	2	1
1536	161	1	A	1	6	2	1
1536	163	1	C	3	6	2	1
1536	165	1	E	5	6	2	1
1536	167	1	G	7	6	2	1
1536	169	1	I	9	6	2	1
1536	171	1	K	11	6	2	1
1536	173	1	M	13	6	2	1
1536	175	1	O	15	6	2	1
1536	177	1	Q	17	6	2	1
1536	179	1	S	19	6	2	1
1536	181	1	U	21	6	2	1
1536	183	1	W	23	6	2	1
1536	185	1	Y	25	6	2	1
1536	187	1	AA	27	6	2	1
1536	189	1	AC	29	6	2	1
1536	191	1	AE	31	6	2	1
1536	225	1	A	1	8	2	1
1536	227	1	C	3	8	2	1
1536	229	1	E	5	8	2	1
1536	231	1	G	7	8	2	1
1536	233	1	I	9	8	2	1
1536	235	1	K	11	8	2	1
1536	237	1	M	13	8	2	1
1536	239	1	O	15	8	2	1
1536	241	1	Q	17	8	2	1
1536	243	1	S	19	8	2	1
1536	245	1	U	21	8	2	1
1536	247	1	W	23	8	2	1
1536	249	1	Y	25	8	2	1
1536	251	1	AA	27	8	2	1
1536	253	1	AC	29	8	2	1
1536	255	1	AE	31	8	2	1
1536	289	1	A	1	10	2	1
1536	291	1	C	3	10	2	1
1536	293	1	E	5	10	2	1
1536	295	1	G	7	10	2	1
1536	297	1	I	9	10	2	1
1536	299	1	K	11	10	2	1
1536	301	1	M	13	10	2	1
1536	303	1	O	15	10	2	1
1536	305	1	Q	17	10	2	1
1536	307	1	S	19	10	2	1
1536	309	1	U	21	10	2	1
1536	311	1	W	23	10	2	1
1536	313	1	Y	25	10	2	1
1536	315	1	AA	27	10	2	1
1536	317	1	AC	29	10	2	1
1536	319	1	AE	31	10	2	1
1536	353	1	A	1	12	2	1
1536	355	1	C	3	12	2	1
1536	357	1	E	5	12	2	1
1536	359	1	G	7	12	2	1
1536	361	1	I	9	12	2	1
1536	363	1	K	11	12	2	1
1536	365	1	M	13	12	2	1
1536	367	1	O	15	12	2	1
1536	369	1	Q	17	12	2	1
1536	371	1	S	19	12	2	1
1536	373	1	U	21	12	2	1
1536	375	1	W	23	12	2	1
1536	377	1	Y	25	12	2	1
1536	379	1	AA	27	12	2	1
1536	381	1	AC	29	12	2	1
1536	383	1	AE	31	12	2	1
1536	417	1	A	1	14	2	1
1536	419	1	C	3	14	2	1
1536	421	1	E	5	14	2	1
1536	423	1	G	7	14	2	1
1536	425	1	I	9	14	2	1
1536	427	1	K	11	14	2	1
1536	429	1	M	13	14	2	1
1536	431	1	O	15	14	2	1
1536	433	1	Q	17	14	2	1
1536	435	1	S	19	14	2	1
1536	437	1	U	21	14	2	1
1536	439	1	W	23	14	2	1
1536	441	1	Y	25	14	2	1
1536	443	1	AA	27	14	2	1
1536	445	1	AC	29	14	2	1
1536	447	1	AE	31	14	2	1
1536	481	1	A	1	16	2	1
1536	483	1	C	3	16	2	1
1536	485	1	E	5	16	2	1
1536	487	1	G	7	16	2	1
1536	489	1	I	9	16	2	1
1536	491	1	K	11	16	2	1
1536	493	1	M	13	16	2	1
1536	495	1	O	15	16	2	1
1536	497	1	Q	17	16	2	1
1536	499	1	S	19	16	2	1
1536	501	1	U	21	16	2	1
1536	503	1	W	23	16	2	1
1536	505	1	Y	25	16	2	1
1536	507	1	AA	27	16	2	1
1536	509	1	AC	29	16	2	1
1536	511	1	AE	31	16	2	1
1536	545	1	A	1	18	2	1
1536	547	1	C	3	18	2	1
1536	549	1	E	5	18	2	1
1536	551	1	G	7	18	2	1
1536	553	1	I	9	18	2	1
1536	555	1	K	11	18	2	1
1536	557	1	M	13	18	2	1
1536	559	1	O	15	18	2	1
1536	561	1	Q	17	18	2	1
1536	563	1	S	19	18	2	1
1536	565	1	U	21	18	2	1
1536	567	1	W	23	18	2	1
1536	569	1	Y	25	18	2	1
1536	571	1	AA	27	18	2	1
1536	573	1	AC	29	18	2	1
1536	575	1	AE	31	18	2	1
1536	609	1	A	1	20	2	1
1536	611	1	C	3	20	2	1
1536	613	1	E	5	20	2	1
1536	615	1	G	7	20	2	1
1536	617	1	I	9	20	2	1
1536	619	1	K	11	20	2	1
1536	621	1	M	13	20	2	1
1536	623	1	O	15	20	2	1
1536	625	1	Q	17	20	2	1
1536	627	1	S	19	20	2	1
1536	629	1	U	21	20	2	1
1536	631	1	W	23	20	2	1
1536	633	1	Y	25	20	2	1
1536	635	1	AA	27	20	2	1
1536	637	1	AC	29	20	2	1
1536	639	1	AE	31	20	2	1
1536	673	1	A	1	22	2	1
1536	675	1	C	3	22	2	1
1536	677	1	E	5	22	2	1
1536	679	1	G	7	22	2	1
1536	681	1	I	9	22	2	1
1536	683	1	K	11	22	2	1
1536	685	1	M	13	22	2	1
1536	687	1	O	15	22	2	1
1536	689	1	Q	17	22	2	1
1536	691	1	S	19	22	2	1
1536	693	1	U	21	22	2	1
1536	695	1	W	23	22	2	1
1536	697	1	Y	25	22	2	1
1536	699	1	AA	27	22	2	1
1536	701	1	AC	29	22	2	1
1536	703	1	AE	31	22	2	1
1536	737	1	A	1	24	2	1
1536	739	1	C	3	24	2	1
1536	741	1	E	5	24	2	1
1536	743	1	G	7	24	2	1
1536	745	1	I	9	24	2	1
1536	747	1	K	11	24	2	1
1536	749	1	M	13	24	2	1
1536	751	1	O	15	24	2	1
1536	753	1	Q	17	24	2	1
1536	755	1	S	19	24	2	1
1536	757	1	U	21	24	2	1
1536	759	1	W	23	24	2	1
1536	761	1	Y	25	24	2	1
1536	763	1	AA	27	24	2	1
1536	765	1	AC	29	24	2	1
1536	767	1	AE	31	24	2	1
1536	801	1	A	1	26	2	1
1536	803	1	C	3	26	2	1
1536	805	1	E	5	26	2	1
1536	807	1	G	7	26	2	1
1536	809	1	I	9	26	2	1
1536	811	1	K	11	26	2	1
1536	813	1	M	13	26	2	1
1536	815	1	O	15	26	2	1
1536	817	1	Q	17	26	2	1
1536	819	1	S	19	26	2	1
1536	821	1	U	21	26	2	1
1536	823	1	W	23	26	2	1
1536	825	1	Y	25	26	2	1
1536	827	1	AA	27	26	2	1
1536	829	1	AC	29	26	2	1
1536	831	1	AE	31	26	2	1
1536	865	1	A	1	28	2	1
1536	867	1	C	3	28	2	1
1536	869	1	E	5	28	2	1
1536	871	1	G	7	28	2	1
1536	873	1	I	9	28	2	1
1536	875	1	K	11	28	2	1
1536	877	1	M	13	28	2	1
1536	879	1	O	15	28	2	1
1536	881	1	Q	17	28	2	1
1536	883	1	S	19	28	2	1
1536	885	1	U	21	28	2	1
1536	887	1	W	23	28	2	1
1536	889	1	Y	25	28	2	1
1536	891	1	AA	27	28	2	1
1536	893	1	AC	29	28	2	1
1536	895	1	AE	31	28	2	1
1536	929	1	A	1	30	2	1
1536	931	1	C	3	30	2	1
1536	933	1	E	5	30	2	1
1536	935	1	G	7	30	2	1
1536	937	1	I	9	30	2	1
1536	939	1	K	11	30	2	1
1536	941	1	M	13	30	2	1
1536	943	1	O	15	30	2	1
1536	945	1	Q	17	30	2	1
1536	947	1	S	19	30	2	1
1536	949	1	U	21	30	2	1
1536	951	1	W	23	30	2	1
1536	953	1	Y	25	30	2	1
1536	955	1	AA	27	30	2	1
1536	957	1	AC	29	30	2	1
1536	959	1	AE	31	30	2	1
1536	993	1	A	1	32	2	1
1536	995	1	C	3	32	2	1
1536	997	1	E	5	32	2	1
1536	999	1	G	7	32	2	1
1536	1001	1	I	9	32	2	1
1536	1003	1	K	11	32	2	1
1536	1005	1	M	13	32	2	1
1536	1007	1	O	15	32	2	1
1536	1009	1	Q	17	32	2	1
1536	1011	1	S	19	32	2	1
1536	1013	1	U	21	32	2	1
1536	1015	1	W	23	32	2	1
1536	1017	1	Y	25	32	2	1
1536	1019	1	AA	27	32	2	1
1536	1021	1	AC	29	32	2	1
1536	1023	1	AE	31	32	2	1
1536	1057	1	A	1	34	2	1
1536	1059	1	C	3	34	2	1
1536	1061	1	E	5	34	2	1
1536	1063	1	G	7	34	2	1
1536	1065	1	I	9	34	2	1
1536	1067	1	K	11	34	2	1
1536	1069	1	M	13	34	2	1
1536	1071	1	O	15	34	2	1
1536	1073	1	Q	17	34	2	1
1536	1075	1	S	19	34	2	1
1536	1077	1	U	21	34	2	1
1536	1079	1	W	23	34	2	1
1536	1081	1	Y	25	34	2	1
1536	1083	1	AA	27	34	2	1
1536	1085	1	AC	29	34	2	1
1536	1087	1	AE	31	34	2	1
1536	1121	1	A	1	36	2	1
1536	1123	1	C	3	36	2	1
1536	1125	1	E	5	36	2	1
1536	1127	1	G	7	36	2	1
1536	1129	1	I	9	36	2	1
1536	1131	1	K	11	36	2	1
1536	1133	1	M	13	36	2	1
1536	1135	1	O	15	36	2	1
1536	1137	1	Q	17	36	2	1
1536	1139	1	S	19	36	2	1
1536	1141	1	U	21	36	2	1
1536	1143	1	W	23	36	2	1
1536	1145	1	Y	25	36	2	1
1536	1147	1	AA	27	36	2	1
1536	1149	1	AC	29	36	2	1
1536	1151	1	AE	31	36	2	1
1536	1185	1	A	1	38	2	1
1536	1187	1	C	3	38	2	1
1536	1189	1	E	5	38	2	1
1536	1191	1	G	7	38	2	1
1536	1193	1	I	9	38	2	1
1536	1195	1	K	11	38	2	1
1536	1197	1	M	13	38	2	1
1536	1199	1	O	15	38	2	1
1536	1201	1	Q	17	38	2	1
1536	1203	1	S	19	38	2	1
1536	1205	1	U	21	38	2	1
1536	1207	1	W	23	38	2	1
1536	1209	1	Y	25	38	2	1
1536	1211	1	AA	27	38	2	1
1536	1213	1	AC	29	38	2	1
1536	1215	1	AE	31	38	2	1
1536	1249	1	A	1	40	2	1
1536	1251	1	C	3	40	2	1
1536	1253	1	E	5	40	2	1
1536	1255	1	G	7	40	2	1
1536	1257	1	I	9	40	2	1
1536	1259	1	K	11	40	2	1
1536	1261	1	M	13	40	2	1
1536	1263	1	O	15	40	2	1
1536	1265	1	Q	17	40	2	1
1536	1267	1	S	19	40	2	1
1536	1269	1	U	21	40	2	1
1536	1271	1	W	23	40	2	1
1536	1273	1	Y	25	40	2	1
1536	1275	1	AA	27	40	2	1
1536	1277	1	AC	29	40	2	1
1536	1279	1	AE	31	40	2	1
1536	1313	1	A	1	42	2	1
1536	1315	1	C	3	42	2	1
1536	1317	1	E	5	42	2	1
1536	1319	1	G	7	42	2	1
1536	1321	1	I	9	42	2	1
1536	1323	1	K	11	42	2	1
1536	1325	1	M	13	42	2	1
1536	1327	1	O	15	42	2	1
1536	1329	1	Q	17	42	2	1
1536	1331	1	S	19	42	2	1
1536	1333	1	U	21	42	2	1
1536	1335	1	W	23	42	2	1
1536	1337	1	Y	25	42	2	1
1536	1339	1	AA	27	42	2	1
1536	1341	1	AC	29	42	2	1
1536	1343	1	AE	31	42	2	1
1536	1377	1	A	1	44	2	1
1536	1379	1	C	3	44	2	1
1536	1381	1	E	5	44	2	1
1536	1383	1	G	7	44	2	1
1536	1385	1	I	9	44	2	1
1536	1387	1	K	11	44	2	1
1536	1389	1	M	13	44	2	1
1536	1391	1	O	15	44	2	1
1536	1393	1	Q	17	44	2	1
1536	1395	1	S	19	44	2	1
1536	1397	1	U	21	44	2	1
1536	1399	1	W	23	44	2	1
1536	1401	1	Y	25	44	2	1
1536	1403	1	AA	27	44	2	1
1536	1405	1	AC	29	44	2	1
1536	1407	1	AE	31	44	2	1
1536	1441	1	A	1	46	2	1
1536	1443	1	C	3	46	2	1
1536	1445	1	E	5	46	2	1
1536	1447	1	G	7	46	2	1
1536	1449	1	I	9	46	2	1
1536	1451	1	K	11	46	2	1
1536	1453	1	M	13	46	2	1
1536	1455	1	O	15	46	2	1
1536	1457	1	Q	17	46	2	1
1536	1459	1	S	19	46	2	1
1536	1461	1	U	21	46	2	1
1536	1463	1	W	23	46	2	1
1536	1465	1	Y	25	46	2	1
1536	1467	1	AA	27	46	2	1
1536	1469	1	AC	29	46	2	1
1536	1471	1	AE	31	46	2	1
1536	1505	1	A	1	48	2	1
1536	1507	1	C	3	48	2	1
1536	1509	1	E	5	48	2	1
1536	1511	1	G	7	48	2	1
1536	1513	1	I	9	48	2	1
1536	1515	1	K	11	48	2	1
1536	1517	1	M	13	48	2	1
1536	1519	1	O	15	48	2	1
1536	1521	2	Q	17	48	2	1
1536	1523	2	S	19	48	2	1
1536	1525	2	U	21	48	2	1
1536	1527	2	W	23	48	2	1
1536	1529	3	Y	25	48	2	1
1536	1531	3	AA	27	48	2	1
1536	1533	4	AC	29	48	2	1
1536	1535	4	AE	31	48	2	1
1536	2	1	B	2	1	3	1
1536	4	1	D	4	1	3	1
1536	6	1	F	6	1	3	1
1536	8	1	H	8	1	3	1
1536	10	1	J	10	1	3	1
1536	12	1	L	12	1	3	1
1536	14	1	N	14	1	3	1
1536	16	1	P	16	1	3	1
1536	18	1	R	18	1	3	1
1536	20	1	T	20	1	3	1
1536	22	1	V	22	1	3	1
1536	24	1	X	24	1	3	1
1536	26	1	Z	26	1	3	1
1536	28	1	AB	28	1	3	1
1536	30	1	AD	30	1	3	1
1536	32	1	AF	32	1	3	1
1536	66	1	B	2	3	3	1
1536	68	1	D	4	3	3	1
1536	70	1	F	6	3	3	1
1536	72	1	H	8	3	3	1
1536	74	1	J	10	3	3	1
1536	76	1	L	12	3	3	1
1536	78	1	N	14	3	3	1
1536	80	1	P	16	3	3	1
1536	82	1	R	18	3	3	1
1536	84	1	T	20	3	3	1
1536	86	1	V	22	3	3	1
1536	88	1	X	24	3	3	1
1536	90	1	Z	26	3	3	1
1536	92	1	AB	28	3	3	1
1536	94	1	AD	30	3	3	1
1536	96	1	AF	32	3	3	1
1536	130	1	B	2	5	3	1
1536	132	1	D	4	5	3	1
1536	134	1	F	6	5	3	1
1536	136	1	H	8	5	3	1
1536	138	1	J	10	5	3	1
1536	140	1	L	12	5	3	1
1536	142	1	N	14	5	3	1
1536	144	1	P	16	5	3	1
1536	146	1	R	18	5	3	1
1536	148	1	T	20	5	3	1
1536	150	1	V	22	5	3	1
1536	152	1	X	24	5	3	1
1536	154	1	Z	26	5	3	1
1536	156	1	AB	28	5	3	1
1536	158	1	AD	30	5	3	1
1536	160	1	AF	32	5	3	1
1536	194	1	B	2	7	3	1
1536	196	1	D	4	7	3	1
1536	198	1	F	6	7	3	1
1536	200	1	H	8	7	3	1
1536	202	1	J	10	7	3	1
1536	204	1	L	12	7	3	1
1536	206	1	N	14	7	3	1
1536	208	1	P	16	7	3	1
1536	210	1	R	18	7	3	1
1536	212	1	T	20	7	3	1
1536	214	1	V	22	7	3	1
1536	216	1	X	24	7	3	1
1536	218	1	Z	26	7	3	1
1536	220	1	AB	28	7	3	1
1536	222	1	AD	30	7	3	1
1536	224	1	AF	32	7	3	1
1536	258	1	B	2	9	3	1
1536	260	1	D	4	9	3	1
1536	262	1	F	6	9	3	1
1536	264	1	H	8	9	3	1
1536	266	1	J	10	9	3	1
1536	268	1	L	12	9	3	1
1536	270	1	N	14	9	3	1
1536	272	1	P	16	9	3	1
1536	274	1	R	18	9	3	1
1536	276	1	T	20	9	3	1
1536	278	1	V	22	9	3	1
1536	280	1	X	24	9	3	1
1536	282	1	Z	26	9	3	1
1536	284	1	AB	28	9	3	1
1536	286	1	AD	30	9	3	1
1536	288	1	AF	32	9	3	1
1536	322	1	B	2	11	3	1
1536	324	1	D	4	11	3	1
1536	326	1	F	6	11	3	1
1536	328	1	H	8	11	3	1
1536	330	1	J	10	11	3	1
1536	332	1	L	12	11	3	1
1536	334	1	N	14	11	3	1
1536	336	1	P	16	11	3	1
1536	338	1	R	18	11	3	1
1536	340	1	T	20	11	3	1
1536	342	1	V	22	11	3	1
1536	344	1	X	24	11	3	1
1536	346	1	Z	26	11	3	1
1536	348	1	AB	28	11	3	1
1536	350	1	AD	30	11	3	1
1536	352	1	AF	32	11	3	1
1536	386	1	B	2	13	3	1
1536	388	1	D	4	13	3	1
1536	390	1	F	6	13	3	1
1536	392	1	H	8	13	3	1
1536	394	1	J	10	13	3	1
1536	396	1	L	12	13	3	1
1536	398	1	N	14	13	3	1
1536	400	1	P	16	13	3	1
1536	402	1	R	18	13	3	1
1536	404	1	T	20	13	3	1
1536	406	1	V	22	13	3	1
1536	408	1	X	24	13	3	1
1536	410	1	Z	26	13	3	1
1536	412	1	AB	28	13	3	1
1536	414	1	AD	30	13	3	1
1536	416	1	AF	32	13	3	1
1536	450	1	B	2	15	3	1
1536	452	1	D	4	15	3	1
1536	454	1	F	6	15	3	1
1536	456	1	H	8	15	3	1
1536	458	1	J	10	15	3	1
1536	460	1	L	12	15	3	1
1536	462	1	N	14	15	3	1
1536	464	1	P	16	15	3	1
1536	466	1	R	18	15	3	1
1536	468	1	T	20	15	3	1
1536	470	1	V	22	15	3	1
1536	472	1	X	24	15	3	1
1536	474	1	Z	26	15	3	1
1536	476	1	AB	28	15	3	1
1536	478	1	AD	30	15	3	1
1536	480	1	AF	32	15	3	1
1536	514	1	B	2	17	3	1
1536	516	1	D	4	17	3	1
1536	518	1	F	6	17	3	1
1536	520	1	H	8	17	3	1
1536	522	1	J	10	17	3	1
1536	524	1	L	12	17	3	1
1536	526	1	N	14	17	3	1
1536	528	1	P	16	17	3	1
1536	530	1	R	18	17	3	1
1536	532	1	T	20	17	3	1
1536	534	1	V	22	17	3	1
1536	536	1	X	24	17	3	1
1536	538	1	Z	26	17	3	1
1536	540	1	AB	28	17	3	1
1536	542	1	AD	30	17	3	1
1536	544	1	AF	32	17	3	1
1536	578	1	B	2	19	3	1
1536	580	1	D	4	19	3	1
1536	582	1	F	6	19	3	1
1536	584	1	H	8	19	3	1
1536	586	1	J	10	19	3	1
1536	588	1	L	12	19	3	1
1536	590	1	N	14	19	3	1
1536	592	1	P	16	19	3	1
1536	594	1	R	18	19	3	1
1536	596	1	T	20	19	3	1
1536	598	1	V	22	19	3	1
1536	600	1	X	24	19	3	1
1536	602	1	Z	26	19	3	1
1536	604	1	AB	28	19	3	1
1536	606	1	AD	30	19	3	1
1536	608	1	AF	32	19	3	1
1536	642	1	B	2	21	3	1
1536	644	1	D	4	21	3	1
1536	646	1	F	6	21	3	1
1536	648	1	H	8	21	3	1
1536	650	1	J	10	21	3	1
1536	652	1	L	12	21	3	1
1536	654	1	N	14	21	3	1
1536	656	1	P	16	21	3	1
1536	658	1	R	18	21	3	1
1536	660	1	T	20	21	3	1
1536	662	1	V	22	21	3	1
1536	664	1	X	24	21	3	1
1536	666	1	Z	26	21	3	1
1536	668	1	AB	28	21	3	1
1536	670	1	AD	30	21	3	1
1536	672	1	AF	32	21	3	1
1536	706	1	B	2	23	3	1
1536	708	1	D	4	23	3	1
1536	710	1	F	6	23	3	1
1536	712	1	H	8	23	3	1
1536	714	1	J	10	23	3	1
1536	716	1	L	12	23	3	1
1536	718	1	N	14	23	3	1
1536	720	1	P	16	23	3	1
1536	722	1	R	18	23	3	1
1536	724	1	T	20	23	3	1
1536	726	1	V	22	23	3	1
1536	728	1	X	24	23	3	1
1536	730	1	Z	26	23	3	1
1536	732	1	AB	28	23	3	1
1536	734	1	AD	30	23	3	1
1536	736	1	AF	32	23	3	1
1536	770	1	B	2	25	3	1
1536	772	1	D	4	25	3	1
1536	774	1	F	6	25	3	1
1536	776	1	H	8	25	3	1
1536	778	1	J	10	25	3	1
1536	780	1	L	12	25	3	1
1536	782	1	N	14	25	3	1
1536	784	1	P	16	25	3	1
1536	786	1	R	18	25	3	1
1536	788	1	T	20	25	3	1
1536	790	1	V	22	25	3	1
1536	792	1	X	24	25	3	1
1536	794	1	Z	26	25	3	1
1536	796	1	AB	28	25	3	1
1536	798	1	AD	30	25	3	1
1536	800	1	AF	32	25	3	1
1536	834	1	B	2	27	3	1
1536	836	1	D	4	27	3	1
1536	838	1	F	6	27	3	1
1536	840	1	H	8	27	3	1
1536	842	1	J	10	27	3	1
1536	844	1	L	12	27	3	1
1536	846	1	N	14	27	3	1
1536	848	1	P	16	27	3	1
1536	850	1	R	18	27	3	1
1536	852	1	T	20	27	3	1
1536	854	1	V	22	27	3	1
1536	856	1	X	24	27	3	1
1536	858	1	Z	26	27	3	1
1536	860	1	AB	28	27	3	1
1536	862	1	AD	30	27	3	1
1536	864	1	AF	32	27	3	1
1536	898	1	B	2	29	3	1
1536	900	1	D	4	29	3	1
1536	902	1	F	6	29	3	1
1536	904	1	H	8	29	3	1
1536	906	1	J	10	29	3	1
1536	908	1	L	12	29	3	1
1536	910	1	N	14	29	3	1
1536	912	1	P	16	29	3	1
1536	914	1	R	18	29	3	1
1536	916	1	T	20	29	3	1
1536	918	1	V	22	29	3	1
1536	920	1	X	24	29	3	1
1536	922	1	Z	26	29	3	1
1536	924	1	AB	28	29	3	1
1536	926	1	AD	30	29	3	1
1536	928	1	AF	32	29	3	1
1536	962	1	B	2	31	3	1
1536	964	1	D	4	31	3	1
1536	966	1	F	6	31	3	1
1536	968	1	H	8	31	3	1
1536	970	1	J	10	31	3	1
1536	972	1	L	12	31	3	1
1536	974	1	N	14	31	3	1
1536	976	1	P	16	31	3	1
1536	978	1	R	18	31	3	1
1536	980	1	T	20	31	3	1
1536	982	1	V	22	31	3	1
1536	984	1	X	24	31	3	1
1536	986	1	Z	26	31	3	1
1536	988	1	AB	28	31	3	1
1536	990	1	AD	30	31	3	1
1536	992	1	AF	32	31	3	1
1536	1026	1	B	2	33	3	1
1536	1028	1	D	4	33	3	1
1536	1030	1	F	6	33	3	1
1536	1032	1	H	8	33	3	1
1536	1034	1	J	10	33	3	1
1536	1036	1	L	12	33	3	1
1536	1038	1	N	14	33	3	1
1536	1040	1	P	16	33	3	1
1536	1042	1	R	18	33	3	1
1536	1044	1	T	20	33	3	1
1536	1046	1	V	22	33	3	1
1536	1048	1	X	24	33	3	1
1536	1050	1	Z	26	33	3	1
1536	1052	1	AB	28	33	3	1
1536	1054	1	AD	30	33	3	1
1536	1056	1	AF	32	33	3	1
1536	1090	1	B	2	35	3	1
1536	1092	1	D	4	35	3	1
1536	1094	1	F	6	35	3	1
1536	1096	1	H	8	35	3	1
1536	1098	1	J	10	35	3	1
1536	1100	1	L	12	35	3	1
1536	1102	1	N	14	35	3	1
1536	1104	1	P	16	35	3	1
1536	1106	1	R	18	35	3	1
1536	1108	1	T	20	35	3	1
1536	1110	1	V	22	35	3	1
1536	1112	1	X	24	35	3	1
1536	1114	1	Z	26	35	3	1
1536	1116	1	AB	28	35	3	1
1536	1118	1	AD	30	35	3	1
1536	1120	1	AF	32	35	3	1
1536	1154	1	B	2	37	3	1
1536	1156	1	D	4	37	3	1
1536	1158	1	F	6	37	3	1
1536	1160	1	H	8	37	3	1
1536	1162	1	J	10	37	3	1
1536	1164	1	L	12	37	3	1
1536	1166	1	N	14	37	3	1
1536	1168	1	P	16	37	3	1
1536	1170	1	R	18	37	3	1
1536	1172	1	T	20	37	3	1
1536	1174	1	V	22	37	3	1
1536	1176	1	X	24	37	3	1
1536	1178	1	Z	26	37	3	1
1536	1180	1	AB	28	37	3	1
1536	1182	1	AD	30	37	3	1
1536	1184	1	AF	32	37	3	1
1536	1218	1	B	2	39	3	1
1536	1220	1	D	4	39	3	1
1536	1222	1	F	6	39	3	1
1536	1224	1	H	8	39	3	1
1536	1226	1	J	10	39	3	1
1536	1228	1	L	12	39	3	1
1536	1230	1	N	14	39	3	1
1536	1232	1	P	16	39	3	1
1536	1234	1	R	18	39	3	1
1536	1236	1	T	20	39	3	1
1536	1238	1	V	22	39	3	1
1536	1240	1	X	24	39	3	1
1536	1242	1	Z	26	39	3	1
1536	1244	1	AB	28	39	3	1
1536	1246	1	AD	30	39	3	1
1536	1248	1	AF	32	39	3	1
1536	1282	1	B	2	41	3	1
1536	1284	1	D	4	41	3	1
1536	1286	1	F	6	41	3	1
1536	1288	1	H	8	41	3	1
1536	1290	1	J	10	41	3	1
1536	1292	1	L	12	41	3	1
1536	1294	1	N	14	41	3	1
1536	1296	1	P	16	41	3	1
1536	1298	1	R	18	41	3	1
1536	1300	1	T	20	41	3	1
1536	1302	1	V	22	41	3	1
1536	1304	1	X	24	41	3	1
1536	1306	1	Z	26	41	3	1
1536	1308	1	AB	28	41	3	1
1536	1310	1	AD	30	41	3	1
1536	1312	1	AF	32	41	3	1
1536	1346	1	B	2	43	3	1
1536	1348	1	D	4	43	3	1
1536	1350	1	F	6	43	3	1
1536	1352	1	H	8	43	3	1
1536	1354	1	J	10	43	3	1
1536	1356	1	L	12	43	3	1
1536	1358	1	N	14	43	3	1
1536	1360	1	P	16	43	3	1
1536	1362	1	R	18	43	3	1
1536	1364	1	T	20	43	3	1
1536	1366	1	V	22	43	3	1
1536	1368	1	X	24	43	3	1
1536	1370	1	Z	26	43	3	1
1536	1372	1	AB	28	43	3	1
1536	1374	1	AD	30	43	3	1
1536	1376	1	AF	32	43	3	1
1536	1410	1	B	2	45	3	1
1536	1412	1	D	4	45	3	1
1536	1414	1	F	6	45	3	1
1536	1416	1	H	8	45	3	1
1536	1418	1	J	10	45	3	1
1536	1420	1	L	12	45	3	1
1536	1422	1	N	14	45	3	1
1536	1424	1	P	16	45	3	1
1536	1426	1	R	18	45	3	1
1536	1428	1	T	20	45	3	1
1536	1430	1	V	22	45	3	1
1536	1432	1	X	24	45	3	1
1536	1434	1	Z	26	45	3	1
1536	1436	1	AB	28	45	3	1
1536	1438	1	AD	30	45	3	1
1536	1440	1	AF	32	45	3	1
1536	1474	1	B	2	47	3	1
1536	1476	1	D	4	47	3	1
1536	1478	1	F	6	47	3	1
1536	1480	1	H	8	47	3	1
1536	1482	1	J	10	47	3	1
1536	1484	1	L	12	47	3	1
1536	1486	1	N	14	47	3	1
1536	1488	1	P	16	47	3	1
1536	1490	2	R	18	47	3	1
1536	1492	2	T	20	47	3	1
1536	1494	2	V	22	47	3	1
1536	1496	2	X	24	47	3	1
1536	1498	3	Z	26	47	3	1
1536	1500	3	AB	28	47	3	1
1536	1502	4	AD	30	47	3	1
1536	1504	4	AF	32	47	3	1
1536	34	1	B	2	2	4	1
1536	36	1	D	4	2	4	1
1536	38	1	F	6	2	4	1
1536	40	1	H	8	2	4	1
1536	42	1	J	10	2	4	1
1536	44	1	L	12	2	4	1
1536	46	1	N	14	2	4	1
1536	48	1	P	16	2	4	1
1536	50	1	R	18	2	4	1
1536	52	1	T	20	2	4	1
1536	54	1	V	22	2	4	1
1536	56	1	X	24	2	4	1
1536	58	1	Z	26	2	4	1
1536	60	1	AB	28	2	4	1
1536	62	1	AD	30	2	4	1
1536	64	1	AF	32	2	4	1
1536	98	1	B	2	4	4	1
1536	100	1	D	4	4	4	1
1536	102	1	F	6	4	4	1
1536	104	1	H	8	4	4	1
1536	106	1	J	10	4	4	1
1536	108	1	L	12	4	4	1
1536	110	1	N	14	4	4	1
1536	112	1	P	16	4	4	1
1536	114	1	R	18	4	4	1
1536	116	1	T	20	4	4	1
1536	118	1	V	22	4	4	1
1536	120	1	X	24	4	4	1
1536	122	1	Z	26	4	4	1
1536	124	1	AB	28	4	4	1
1536	126	1	AD	30	4	4	1
1536	128	1	AF	32	4	4	1
1536	162	1	B	2	6	4	1
1536	164	1	D	4	6	4	1
1536	166	1	F	6	6	4	1
1536	168	1	H	8	6	4	1
1536	170	1	J	10	6	4	1
1536	172	1	L	12	6	4	1
1536	174	1	N	14	6	4	1
1536	176	1	P	16	6	4	1
1536	178	1	R	18	6	4	1
1536	180	1	T	20	6	4	1
1536	182	1	V	22	6	4	1
1536	184	1	X	24	6	4	1
1536	186	1	Z	26	6	4	1
1536	188	1	AB	28	6	4	1
1536	190	1	AD	30	6	4	1
1536	192	1	AF	32	6	4	1
1536	226	1	B	2	8	4	1
1536	228	1	D	4	8	4	1
1536	230	1	F	6	8	4	1
1536	232	1	H	8	8	4	1
1536	234	1	J	10	8	4	1
1536	236	1	L	12	8	4	1
1536	238	1	N	14	8	4	1
1536	240	1	P	16	8	4	1
1536	242	1	R	18	8	4	1
1536	244	1	T	20	8	4	1
1536	246	1	V	22	8	4	1
1536	248	1	X	24	8	4	1
1536	250	1	Z	26	8	4	1
1536	252	1	AB	28	8	4	1
1536	254	1	AD	30	8	4	1
1536	256	1	AF	32	8	4	1
1536	290	1	B	2	10	4	1
1536	292	1	D	4	10	4	1
1536	294	1	F	6	10	4	1
1536	296	1	H	8	10	4	1
1536	298	1	J	10	10	4	1
1536	300	1	L	12	10	4	1
1536	302	1	N	14	10	4	1
1536	304	1	P	16	10	4	1
1536	306	1	R	18	10	4	1
1536	308	1	T	20	10	4	1
1536	310	1	V	22	10	4	1
1536	312	1	X	24	10	4	1
1536	314	1	Z	26	10	4	1
1536	316	1	AB	28	10	4	1
1536	318	1	AD	30	10	4	1
1536	320	1	AF	32	10	4	1
1536	354	1	B	2	12	4	1
1536	356	1	D	4	12	4	1
1536	358	1	F	6	12	4	1
1536	360	1	H	8	12	4	1
1536	362	1	J	10	12	4	1
1536	364	1	L	12	12	4	1
1536	366	1	N	14	12	4	1
1536	368	1	P	16	12	4	1
1536	370	1	R	18	12	4	1
1536	372	1	T	20	12	4	1
1536	374	1	V	22	12	4	1
1536	376	1	X	24	12	4	1
1536	378	1	Z	26	12	4	1
1536	380	1	AB	28	12	4	1
1536	382	1	AD	30	12	4	1
1536	384	1	AF	32	12	4	1
1536	418	1	B	2	14	4	1
1536	420	1	D	4	14	4	1
1536	422	1	F	6	14	4	1
1536	424	1	H	8	14	4	1
1536	426	1	J	10	14	4	1
1536	428	1	L	12	14	4	1
1536	430	1	N	14	14	4	1
1536	432	1	P	16	14	4	1
1536	434	1	R	18	14	4	1
1536	436	1	T	20	14	4	1
1536	438	1	V	22	14	4	1
1536	440	1	X	24	14	4	1
1536	442	1	Z	26	14	4	1
1536	444	1	AB	28	14	4	1
1536	446	1	AD	30	14	4	1
1536	448	1	AF	32	14	4	1
1536	482	1	B	2	16	4	1
1536	484	1	D	4	16	4	1
1536	486	1	F	6	16	4	1
1536	488	1	H	8	16	4	1
1536	490	1	J	10	16	4	1
1536	492	1	L	12	16	4	1
1536	494	1	N	14	16	4	1
1536	496	1	P	16	16	4	1
1536	498	1	R	18	16	4	1
1536	500	1	T	20	16	4	1
1536	502	1	V	22	16	4	1
1536	504	1	X	24	16	4	1
1536	506	1	Z	26	16	4	1
1536	508	1	AB	28	16	4	1
1536	510	1	AD	30	16	4	1
1536	512	1	AF	32	16	4	1
1536	546	1	B	2	18	4	1
1536	548	1	D	4	18	4	1
1536	550	1	F	6	18	4	1
1536	552	1	H	8	18	4	1
1536	554	1	J	10	18	4	1
1536	556	1	L	12	18	4	1
1536	558	1	N	14	18	4	1
1536	560	1	P	16	18	4	1
1536	562	1	R	18	18	4	1
1536	564	1	T	20	18	4	1
1536	566	1	V	22	18	4	1
1536	568	1	X	24	18	4	1
1536	570	1	Z	26	18	4	1
1536	572	1	AB	28	18	4	1
1536	574	1	AD	30	18	4	1
1536	576	1	AF	32	18	4	1
1536	610	1	B	2	20	4	1
1536	612	1	D	4	20	4	1
1536	614	1	F	6	20	4	1
1536	616	1	H	8	20	4	1
1536	618	1	J	10	20	4	1
1536	620	1	L	12	20	4	1
1536	622	1	N	14	20	4	1
1536	624	1	P	16	20	4	1
1536	626	1	R	18	20	4	1
1536	628	1	T	20	20	4	1
1536	630	1	V	22	20	4	1
1536	632	1	X	24	20	4	1
1536	634	1	Z	26	20	4	1
1536	636	1	AB	28	20	4	1
1536	638	1	AD	30	20	4	1
1536	640	1	AF	32	20	4	1
1536	674	1	B	2	22	4	1
1536	676	1	D	4	22	4	1
1536	678	1	F	6	22	4	1
1536	680	1	H	8	22	4	1
1536	682	1	J	10	22	4	1
1536	684	1	L	12	22	4	1
1536	686	1	N	14	22	4	1
1536	688	1	P	16	22	4	1
1536	690	1	R	18	22	4	1
1536	692	1	T	20	22	4	1
1536	694	1	V	22	22	4	1
1536	696	1	X	24	22	4	1
1536	698	1	Z	26	22	4	1
1536	700	1	AB	28	22	4	1
1536	702	1	AD	30	22	4	1
1536	704	1	AF	32	22	4	1
1536	738	1	B	2	24	4	1
1536	740	1	D	4	24	4	1
1536	742	1	F	6	24	4	1
1536	744	1	H	8	24	4	1
1536	746	1	J	10	24	4	1
1536	748	1	L	12	24	4	1
1536	750	1	N	14	24	4	1
1536	752	1	P	16	24	4	1
1536	754	1	R	18	24	4	1
1536	756	1	T	20	24	4	1
1536	758	1	V	22	24	4	1
1536	760	1	X	24	24	4	1
1536	762	1	Z	26	24	4	1
1536	764	1	AB	28	24	4	1
1536	766	1	AD	30	24	4	1
1536	768	1	AF	32	24	4	1
1536	802	1	B	2	26	4	1
1536	804	1	D	4	26	4	1
1536	806	1	F	6	26	4	1
1536	808	1	H	8	26	4	1
1536	810	1	J	10	26	4	1
1536	812	1	L	12	26	4	1
1536	814	1	N	14	26	4	1
1536	816	1	P	16	26	4	1
1536	818	1	R	18	26	4	1
1536	820	1	T	20	26	4	1
1536	822	1	V	22	26	4	1
1536	824	1	X	24	26	4	1
1536	826	1	Z	26	26	4	1
1536	828	1	AB	28	26	4	1
1536	830	1	AD	30	26	4	1
1536	832	1	AF	32	26	4	1
1536	866	1	B	2	28	4	1
1536	868	1	D	4	28	4	1
1536	870	1	F	6	28	4	1
1536	872	1	H	8	28	4	1
1536	874	1	J	10	28	4	1
1536	876	1	L	12	28	4	1
1536	878	1	N	14	28	4	1
1536	880	1	P	16	28	4	1
1536	882	1	R	18	28	4	1
1536	884	1	T	20	28	4	1
1536	886	1	V	22	28	4	1
1536	888	1	X	24	28	4	1
1536	890	1	Z	26	28	4	1
1536	892	1	AB	28	28	4	1
1536	894	1	AD	30	28	4	1
1536	896	1	AF	32	28	4	1
1536	930	1	B	2	30	4	1
1536	932	1	D	4	30	4	1
1536	934	1	F	6	30	4	1
1536	936	1	H	8	30	4	1
1536	938	1	J	10	30	4	1
1536	940	1	L	12	30	4	1
1536	942	1	N	14	30	4	1
1536	944	1	P	16	30	4	1
1536	946	1	R	18	30	4	1
1536	948	1	T	20	30	4	1
1536	950	1	V	22	30	4	1
1536	952	1	X	24	30	4	1
1536	954	1	Z	26	30	4	1
1536	956	1	AB	28	30	4	1
1536	958	1	AD	30	30	4	1
1536	960	1	AF	32	30	4	1
1536	994	1	B	2	32	4	1
1536	996	1	D	4	32	4	1
1536	998	1	F	6	32	4	1
1536	1000	1	H	8	32	4	1
1536	1002	1	J	10	32	4	1
1536	1004	1	L	12	32	4	1
1536	1006	1	N	14	32	4	1
1536	1008	1	P	16	32	4	1
1536	1010	1	R	18	32	4	1
1536	1012	1	T	20	32	4	1
1536	1014	1	V	22	32	4	1
1536	1016	1	X	24	32	4	1
1536	1018	1	Z	26	32	4	1
1536	1020	1	AB	28	32	4	1
1536	1022	1	AD	30	32	4	1
1536	1024	1	AF	32	32	4	1
1536	1058	1	B	2	34	4	1
1536	1060	1	D	4	34	4	1
1536	1062	1	F	6	34	4	1
1536	1064	1	H	8	34	4	1
1536	1066	1	J	10	34	4	1
1536	1068	1	L	12	34	4	1
1536	1070	1	N	14	34	4	1
1536	1072	1	P	16	34	4	1
1536	1074	1	R	18	34	4	1
1536	1076	1	T	20	34	4	1
1536	1078	1	V	22	34	4	1
1536	1080	1	X	24	34	4	1
1536	1082	1	Z	26	34	4	1
1536	1084	1	AB	28	34	4	1
1536	1086	1	AD	30	34	4	1
1536	1088	1	AF	32	34	4	1
1536	1122	1	B	2	36	4	1
1536	1124	1	D	4	36	4	1
1536	1126	1	F	6	36	4	1
1536	1128	1	H	8	36	4	1
1536	1130	1	J	10	36	4	1
1536	1132	1	L	12	36	4	1
1536	1134	1	N	14	36	4	1
1536	1136	1	P	16	36	4	1
1536	1138	1	R	18	36	4	1
1536	1140	1	T	20	36	4	1
1536	1142	1	V	22	36	4	1
1536	1144	1	X	24	36	4	1
1536	1146	1	Z	26	36	4	1
1536	1148	1	AB	28	36	4	1
1536	1150	1	AD	30	36	4	1
1536	1152	1	AF	32	36	4	1
1536	1186	1	B	2	38	4	1
1536	1188	1	D	4	38	4	1
1536	1190	1	F	6	38	4	1
1536	1192	1	H	8	38	4	1
1536	1194	1	J	10	38	4	1
1536	1196	1	L	12	38	4	1
1536	1198	1	N	14	38	4	1
1536	1200	1	P	16	38	4	1
1536	1202	1	R	18	38	4	1
1536	1204	1	T	20	38	4	1
1536	1206	1	V	22	38	4	1
1536	1208	1	X	24	38	4	1
1536	1210	1	Z	26	38	4	1
1536	1212	1	AB	28	38	4	1
1536	1214	1	AD	30	38	4	1
1536	1216	1	AF	32	38	4	1
1536	1250	1	B	2	40	4	1
1536	1252	1	D	4	40	4	1
1536	1254	1	F	6	40	4	1
1536	1256	1	H	8	40	4	1
1536	1258	1	J	10	40	4	1
1536	1260	1	L	12	40	4	1
1536	1262	1	N	14	40	4	1
1536	1264	1	P	16	40	4	1
1536	1266	1	R	18	40	4	1
1536	1268	1	T	20	40	4	1
1536	1270	1	V	22	40	4	1
1536	1272	1	X	24	40	4	1
1536	1274	1	Z	26	40	4	1
1536	1276	1	AB	28	40	4	1
1536	1278	1	AD	30	40	4	1
1536	1280	1	AF	32	40	4	1
1536	1314	1	B	2	42	4	1
1536	1316	1	D	4	42	4	1
1536	1318	1	F	6	42	4	1
1536	1320	1	H	8	42	4	1
1536	1322	1	J	10	42	4	1
1536	1324	1	L	12	42	4	1
1536	1326	1	N	14	42	4	1
1536	1328	1	P	16	42	4	1
1536	1330	1	R	18	42	4	1
1536	1332	1	T	20	42	4	1
1536	1334	1	V	22	42	4	1
1536	1336	1	X	24	42	4	1
1536	1338	1	Z	26	42	4	1
1536	1340	1	AB	28	42	4	1
1536	1342	1	AD	30	42	4	1
1536	1344	1	AF	32	42	4	1
1536	1378	1	B	2	44	4	1
1536	1380	1	D	4	44	4	1
1536	1382	1	F	6	44	4	1
1536	1384	1	H	8	44	4	1
1536	1386	1	J	10	44	4	1
1536	1388	1	L	12	44	4	1
1536	1390	1	N	14	44	4	1
1536	1392	1	P	16	44	4	1
1536	1394	1	R	18	44	4	1
1536	1396	1	T	20	44	4	1
1536	1398	1	V	22	44	4	1
1536	1400	1	X	24	44	4	1
1536	1402	1	Z	26	44	4	1
1536	1404	1	AB	28	44	4	1
1536	1406	1	AD	30	44	4	1
1536	1408	1	AF	32	44	4	1
1536	1442	1	B	2	46	4	1
1536	1444	1	D	4	46	4	1
1536	1446	1	F	6	46	4	1
1536	1448	1	H	8	46	4	1
1536	1450	1	J	10	46	4	1
1536	1452	1	L	12	46	4	1
1536	1454	1	N	14	46	4	1
1536	1456	1	P	16	46	4	1
1536	1458	1	R	18	46	4	1
1536	1460	1	T	20	46	4	1
1536	1462	1	V	22	46	4	1
1536	1464	1	X	24	46	4	1
1536	1466	1	Z	26	46	4	1
1536	1468	1	AB	28	46	4	1
1536	1470	1	AD	30	46	4	1
1536	1472	1	AF	32	46	4	1
1536	1506	1	B	2	48	4	1
1536	1508	1	D	4	48	4	1
1536	1510	1	F	6	48	4	1
1536	1512	1	H	8	48	4	1
1536	1514	1	J	10	48	4	1
1536	1516	1	L	12	48	4	1
1536	1518	1	N	14	48	4	1
1536	1520	1	P	16	48	4	1
1536	1522	2	R	18	48	4	1
1536	1524	2	T	20	48	4	1
1536	1526	2	V	22	48	4	1
1536	1528	2	X	24	48	4	1
1536	1530	3	Z	26	48	4	1
1536	1532	3	AB	28	48	4	1
1536	1534	4	AD	30	48	4	1
1536	1536	4	AF	32	48	4	1
